DataBase = TT1
ShotNo = sim1
SignalName = flux_loop4
SignalUnit = NA
TriggerTime = 0.000000 ms
Period = 2.211055 ms
CreateTime = 2026/06/09 15:29:34
Samples = 200
0.000000  0.044767
2.211055  0.044823
4.422111  0.044877
6.633166  0.044928
8.844221  0.044972
11.055276  0.045013
13.266332  0.045054
15.477387  0.045093
17.688442  0.045129
19.899497  0.045158
22.110553  0.045184
24.321608  0.045208
26.532663  0.045232
28.743719  0.045252
30.954774  0.045268
33.165829  0.045279
35.376884  0.045287
37.587940  0.045295
39.798995  0.045302
42.010050  0.045305
44.221106  0.045303
46.432161  0.045299
48.643216  0.045292
50.854271  0.045285
53.065327  0.045277
55.276382  0.045266
57.487437  0.045252
59.698492  0.045234
61.909548  0.045216
64.120603  0.045196
66.331658  0.045177
68.542714  0.045157
70.753769  0.045135
72.964824  0.045110
75.175879  0.045083
77.386935  0.045056
79.597990  0.045029
81.809045  0.045003
84.020101  0.044976
86.231156  0.044950
88.442211  0.044922
90.653266  0.044893
92.864322  0.044864
95.075377  0.044835
97.286432  0.044806
99.497487  0.044778
101.708543  0.044752
103.919598  0.044726
106.130653  0.044701
108.341709  0.044677
110.552764  0.044654
112.763819  0.044632
114.974874  0.044609
117.185930  0.044588
119.396985  0.044568
121.608040  0.044549
123.819095  0.044532
126.030151  0.044516
128.241206  0.044501
130.452261  0.044488
132.663317  0.044477
134.874372  0.044467
137.085427  0.044459
139.296482  0.044452
141.507538  0.044447
143.718593  0.044444
145.929648  0.044443
148.140704  0.044443
150.351759  0.044445
152.562814  0.044449
154.773869  0.044454
156.984925  0.044461
159.195980  0.044470
161.407035  0.044480
163.618090  0.044492
165.829146  0.044506
168.040201  0.044521
170.251256  0.044537
172.462312  0.044555
174.673367  0.044574
176.884422  0.044595
179.095477  0.044617
181.306533  0.044639
183.517588  0.044662
185.728643  0.044685
187.939698  0.044709
190.150754  0.044735
192.361809  0.044760
194.572864  0.044788
196.783920  0.044816
198.994975  0.044845
201.206030  0.044874
203.417085  0.044903
205.628141  0.044932
207.839196  0.044958
210.050251  0.044985
212.261307  0.045011
214.472362  0.045038
216.683417  0.045065
218.894472  0.045092
221.105528  0.045118
223.316583  0.045143
225.527638  0.045164
227.738693  0.045184
229.949749  0.045203
232.160804  0.045222
234.371859  0.045240
236.582915  0.045257
238.793970  0.045270
241.005025  0.045280
243.216080  0.045287
245.427136  0.045294
247.638191  0.045300
249.849246  0.045305
252.060302  0.045305
254.271357  0.045300
256.482412  0.045293
258.693467  0.045285
260.904523  0.045276
263.115578  0.045264
265.326633  0.045246
267.537688  0.045224
269.748744  0.045200
271.959799  0.045176
274.170854  0.045149
276.381910  0.045117
278.592965  0.045081
280.804020  0.045041
283.015075  0.045000
285.226131  0.044957
287.437186  0.044912
289.648241  0.044860
291.859296  0.044805
294.070352  0.044748
296.281407  0.044690
298.492462  0.044630
300.703518  0.044565
302.914573  0.044496
305.125628  0.044425
307.336683  0.044353
309.547739  0.044281
311.758794  0.044204
313.969849  0.044123
316.180905  0.044041
318.391960  0.043957
320.603015  0.043874
322.814070  0.043789
325.025126  0.043699
327.236181  0.043609
329.447236  0.043517
331.658291  0.043425
333.869347  0.043334
336.080402  0.043240
338.291457  0.043145
340.502513  0.043049
342.713568  0.042952
344.924623  0.042857
347.135678  0.042763
349.346734  0.042667
351.557789  0.042571
353.768844  0.042475
355.979899  0.042379
358.190955  0.042284
360.402010  0.042191
362.613065  0.042100
364.824121  0.042008
367.035176  0.041917
369.246231  0.041827
371.457286  0.041739
373.668342  0.041652
375.879397  0.041567
378.090452  0.041485
380.301508  0.041406
382.512563  0.041326
384.723618  0.041248
386.934673  0.041174
389.145729  0.041100
391.356784  0.041030
393.567839  0.040962
395.778894  0.040896
397.989950  0.040834
400.201005  0.040775
402.412060  0.040719
404.623116  0.040666
406.834171  0.040614
409.045226  0.040566
411.256281  0.040521
413.467337  0.040479
415.678392  0.040440
417.889447  0.040404
420.100503  0.040372
422.311558  0.040343
424.522613  0.040317
426.733668  0.040295
428.944724  0.040276
431.155779  0.040260
433.366834  0.040248
435.577889  0.040239
437.788945  0.040234
440.000000  0.040232
