DataBase = TT1
ShotNo = sim1
SignalName = flux_loop1
SignalUnit = NA
TriggerTime = 0.000000 ms
Period = 2.211055 ms
CreateTime = 2026/06/09 15:29:34
Samples = 200
0.000000  0.103705
2.211055  0.103228
4.422111  0.102757
6.633166  0.102280
8.844221  0.101810
11.055276  0.101339
13.266332  0.100868
15.477387  0.100404
17.688442  0.099941
19.899497  0.099482
22.110553  0.099026
24.321608  0.098570
26.532663  0.098121
28.743719  0.097680
30.954774  0.097236
33.165829  0.096802
35.376884  0.096371
37.587940  0.095943
39.798995  0.095524
42.010050  0.095111
44.221106  0.094701
46.432161  0.094300
48.643216  0.093903
50.854271  0.093512
53.065327  0.093129
55.276382  0.092755
57.487437  0.092383
59.698492  0.092023
61.909548  0.091670
64.120603  0.091319
66.331658  0.090980
68.542714  0.090649
70.753769  0.090325
72.964824  0.090009
75.175879  0.089703
77.386935  0.089405
79.597990  0.089112
81.809045  0.088829
84.020101  0.088554
86.231156  0.088292
88.442211  0.088035
90.653266  0.087786
92.864322  0.087551
95.075377  0.087322
97.286432  0.087103
99.497487  0.086890
101.708543  0.086687
103.919598  0.086495
106.130653  0.086311
108.341709  0.086139
110.552764  0.085976
112.763819  0.085821
114.974874  0.085673
117.185930  0.085539
119.396985  0.085415
121.608040  0.085300
123.819095  0.085194
126.030151  0.085098
128.241206  0.085010
130.452261  0.084934
132.663317  0.084867
134.874372  0.084809
137.085427  0.084761
139.296482  0.084723
141.507538  0.084695
143.718593  0.084677
145.929648  0.084668
148.140704  0.084670
150.351759  0.084682
152.562814  0.084703
154.773869  0.084735
156.984925  0.084776
159.195980  0.084828
161.407035  0.084888
163.618090  0.084959
165.829146  0.085038
168.040201  0.085128
170.251256  0.085228
172.462312  0.085337
174.673367  0.085455
176.884422  0.085582
179.095477  0.085721
181.306533  0.085872
183.517588  0.086030
185.728643  0.086195
187.939698  0.086371
190.150754  0.086558
192.361809  0.086753
194.572864  0.086960
196.783920  0.087175
198.994975  0.087397
201.206030  0.087628
203.417085  0.087867
205.628141  0.088121
207.839196  0.088379
210.050251  0.088645
212.261307  0.088922
214.472362  0.089209
216.683417  0.089503
218.894472  0.089805
221.105528  0.090112
223.316583  0.090434
225.527638  0.090758
227.738693  0.091092
229.949749  0.091435
232.160804  0.091787
234.371859  0.092144
236.582915  0.092504
238.793970  0.092879
241.005025  0.093255
243.216080  0.093640
245.427136  0.094036
247.638191  0.094434
249.849246  0.094835
252.060302  0.095249
254.271357  0.095662
256.482412  0.096084
258.693467  0.096515
260.904523  0.096948
263.115578  0.097381
265.326633  0.097826
267.537688  0.098270
269.748744  0.098722
271.959799  0.099178
274.170854  0.099634
276.381910  0.100098
278.592965  0.100557
280.804020  0.101024
283.015075  0.101496
285.226131  0.101967
287.437186  0.102439
289.648241  0.102913
291.859296  0.103386
294.070352  0.103866
296.281407  0.104343
298.492462  0.104817
300.703518  0.105296
302.914573  0.105768
305.125628  0.106243
307.336683  0.106719
309.547739  0.107190
311.758794  0.107663
313.969849  0.108125
316.180905  0.108589
318.391960  0.109054
320.603015  0.109513
322.814070  0.109967
325.025126  0.110418
327.236181  0.110861
329.447236  0.111303
331.658291  0.111742
333.869347  0.112173
336.080402  0.112601
338.291457  0.113016
340.502513  0.113426
342.713568  0.113835
344.924623  0.114237
347.135678  0.114631
349.346734  0.115019
351.557789  0.115394
353.768844  0.115761
355.979899  0.116122
358.190955  0.116479
360.402010  0.116828
362.613065  0.117165
364.824121  0.117497
367.035176  0.117812
369.246231  0.118120
371.457286  0.118419
373.668342  0.118715
375.879397  0.119000
378.090452  0.119276
380.301508  0.119541
382.512563  0.119799
384.723618  0.120042
386.934673  0.120273
389.145729  0.120497
391.356784  0.120711
393.567839  0.120919
395.778894  0.121118
397.989950  0.121307
400.201005  0.121486
402.412060  0.121654
404.623116  0.121813
406.834171  0.121963
409.045226  0.122102
411.256281  0.122229
413.467337  0.122345
415.678392  0.122452
417.889447  0.122551
420.100503  0.122640
422.311558  0.122719
424.522613  0.122789
426.733668  0.122850
428.944724  0.122902
431.155779  0.122945
433.366834  0.122978
435.577889  0.123002
437.788945  0.123016
440.000000  0.123021
