DataBase = TT1
ShotNo = sim1
SignalName = flux_loop5
SignalUnit = NA
TriggerTime = 0.000000 ms
Period = 2.211055 ms
CreateTime = 2026/06/09 15:29:34
Samples = 200
0.000000  0.055898
2.211055  0.055584
4.422111  0.055273
6.633166  0.054960
8.844221  0.054653
11.055276  0.054345
13.266332  0.054036
15.477387  0.053732
17.688442  0.053429
19.899497  0.053129
22.110553  0.052832
24.321608  0.052535
26.532663  0.052242
28.743719  0.051954
30.954774  0.051665
33.165829  0.051384
35.376884  0.051105
37.587940  0.050827
39.798995  0.050554
42.010050  0.050286
44.221106  0.050021
46.432161  0.049763
48.643216  0.049507
50.854271  0.049253
53.065327  0.049006
55.276382  0.048764
57.487437  0.048525
59.698492  0.048294
61.909548  0.048067
64.120603  0.047841
66.331658  0.047623
68.542714  0.047410
70.753769  0.047201
72.964824  0.046999
75.175879  0.046804
77.386935  0.046613
79.597990  0.046426
81.809045  0.046245
84.020101  0.046069
86.231156  0.045901
88.442211  0.045736
90.653266  0.045578
92.864322  0.045428
95.075377  0.045283
97.286432  0.045143
99.497487  0.045008
101.708543  0.044878
103.919598  0.044756
106.130653  0.044639
108.341709  0.044529
110.552764  0.044426
112.763819  0.044327
114.974874  0.044233
117.185930  0.044148
119.396985  0.044069
121.608040  0.043997
123.819095  0.043930
126.030151  0.043869
128.241206  0.043814
130.452261  0.043765
132.663317  0.043723
134.874372  0.043686
137.085427  0.043656
139.296482  0.043632
141.507538  0.043614
143.718593  0.043602
145.929648  0.043597
148.140704  0.043598
150.351759  0.043606
152.562814  0.043619
154.773869  0.043639
156.984925  0.043665
159.195980  0.043698
161.407035  0.043736
163.618090  0.043781
165.829146  0.043831
168.040201  0.043888
170.251256  0.043952
172.462312  0.044020
174.673367  0.044095
176.884422  0.044175
179.095477  0.044263
181.306533  0.044360
183.517588  0.044460
185.728643  0.044565
187.939698  0.044677
190.150754  0.044796
192.361809  0.044921
194.572864  0.045052
196.783920  0.045189
198.994975  0.045330
201.206030  0.045477
203.417085  0.045629
205.628141  0.045791
207.839196  0.045956
210.050251  0.046127
212.261307  0.046304
214.472362  0.046488
216.683417  0.046676
218.894472  0.046869
221.105528  0.047065
223.316583  0.047271
225.527638  0.047480
227.738693  0.047695
229.949749  0.047916
232.160804  0.048142
234.371859  0.048371
236.582915  0.048602
238.793970  0.048844
241.005025  0.049087
243.216080  0.049337
245.427136  0.049592
247.638191  0.049849
249.849246  0.050108
252.060302  0.050376
254.271357  0.050644
256.482412  0.050919
258.693467  0.051198
260.904523  0.051479
263.115578  0.051760
265.326633  0.052049
267.537688  0.052339
269.748744  0.052634
271.959799  0.052931
274.170854  0.053228
276.381910  0.053531
278.592965  0.053832
280.804020  0.054138
283.015075  0.054448
285.226131  0.054755
287.437186  0.055065
289.648241  0.055376
291.859296  0.055688
294.070352  0.056004
296.281407  0.056317
298.492462  0.056628
300.703518  0.056944
302.914573  0.057257
305.125628  0.057571
307.336683  0.057885
309.547739  0.058195
311.758794  0.058508
313.969849  0.058815
316.180905  0.059123
318.391960  0.059432
320.603015  0.059735
322.814070  0.060036
325.025126  0.060336
327.236181  0.060632
329.447236  0.060927
331.658291  0.061218
333.869347  0.061505
336.080402  0.061790
338.291457  0.062068
340.502513  0.062343
342.713568  0.062616
344.924623  0.062884
347.135678  0.063147
349.346734  0.063406
351.557789  0.063658
353.768844  0.063905
355.979899  0.064148
358.190955  0.064387
360.402010  0.064620
362.613065  0.064846
364.824121  0.065069
367.035176  0.065282
369.246231  0.065489
371.457286  0.065692
373.668342  0.065891
375.879397  0.066082
378.090452  0.066267
380.301508  0.066445
382.512563  0.066619
384.723618  0.066783
386.934673  0.066940
389.145729  0.067092
391.356784  0.067237
393.567839  0.067378
395.778894  0.067512
397.989950  0.067639
400.201005  0.067760
402.412060  0.067873
404.623116  0.067980
406.834171  0.068082
409.045226  0.068176
411.256281  0.068262
413.467337  0.068341
415.678392  0.068414
417.889447  0.068481
420.100503  0.068542
422.311558  0.068596
424.522613  0.068644
426.733668  0.068685
428.944724  0.068721
431.155779  0.068750
433.366834  0.068773
435.577889  0.068789
437.788945  0.068798
440.000000  0.068802
