DataBase = TT1
ShotNo = sim1
SignalName = flux_loop3
SignalUnit = NA
TriggerTime = 0.000000 ms
Period = 2.211055 ms
CreateTime = 2026/06/09 15:29:34
Samples = 200
0.000000  0.056070
2.211055  0.056387
4.422111  0.056702
6.633166  0.057021
8.844221  0.057336
11.055276  0.057653
13.266332  0.057972
15.477387  0.058286
17.688442  0.058601
19.899497  0.058914
22.110553  0.059225
24.321608  0.059538
26.532663  0.059846
28.743719  0.060151
30.954774  0.060457
33.165829  0.060756
35.376884  0.061055
37.587940  0.061352
39.798995  0.061644
42.010050  0.061932
44.221106  0.062218
46.432161  0.062498
48.643216  0.062775
50.854271  0.063049
53.065327  0.063318
55.276382  0.063581
57.487437  0.063841
59.698492  0.064093
61.909548  0.064340
64.120603  0.064586
66.331658  0.064824
68.542714  0.065056
70.753769  0.065284
72.964824  0.065505
75.175879  0.065717
77.386935  0.065925
79.597990  0.066129
81.809045  0.066326
84.020101  0.066518
86.231156  0.066701
88.442211  0.066879
90.653266  0.067051
92.864322  0.067213
95.075377  0.067369
97.286432  0.067520
99.497487  0.067665
101.708543  0.067805
103.919598  0.067936
106.130653  0.068062
108.341709  0.068180
110.552764  0.068292
112.763819  0.068397
114.974874  0.068497
117.185930  0.068587
119.396985  0.068670
121.608040  0.068747
123.819095  0.068817
126.030151  0.068882
128.241206  0.068939
130.452261  0.068990
132.663317  0.069035
134.874372  0.069073
137.085427  0.069105
139.296482  0.069130
141.507538  0.069149
143.718593  0.069161
145.929648  0.069167
148.140704  0.069166
150.351759  0.069158
152.562814  0.069144
154.773869  0.069123
156.984925  0.069095
159.195980  0.069061
161.407035  0.069021
163.618090  0.068974
165.829146  0.068921
168.040201  0.068861
170.251256  0.068794
172.462312  0.068722
174.673367  0.068643
176.884422  0.068558
179.095477  0.068464
181.306533  0.068362
183.517588  0.068255
185.728643  0.068141
187.939698  0.068021
190.150754  0.067893
192.361809  0.067759
194.572864  0.067617
196.783920  0.067470
198.994975  0.067318
201.206030  0.067159
203.417085  0.066995
205.628141  0.066820
207.839196  0.066641
210.050251  0.066455
212.261307  0.066262
214.472362  0.066061
216.683417  0.065857
218.894472  0.065646
221.105528  0.065433
223.316583  0.065208
225.527638  0.064980
227.738693  0.064745
229.949749  0.064505
232.160804  0.064258
234.371859  0.064008
236.582915  0.063756
238.793970  0.063493
241.005025  0.063229
243.216080  0.062959
245.427136  0.062682
247.638191  0.062404
249.849246  0.062125
252.060302  0.061836
254.271357  0.061548
256.482412  0.061254
258.693467  0.060955
260.904523  0.060656
263.115578  0.060356
265.326633  0.060050
267.537688  0.059744
269.748744  0.059434
271.959799  0.059121
274.170854  0.058810
276.381910  0.058495
278.592965  0.058182
280.804020  0.057866
283.015075  0.057547
285.226131  0.057231
287.437186  0.056914
289.648241  0.056597
291.859296  0.056282
294.070352  0.055963
296.281407  0.055647
298.492462  0.055335
300.703518  0.055020
302.914573  0.054710
305.125628  0.054399
307.336683  0.054088
309.547739  0.053783
311.758794  0.053476
313.969849  0.053177
316.180905  0.052878
318.391960  0.052579
320.603015  0.052285
322.814070  0.051995
325.025126  0.051707
327.236181  0.051425
329.447236  0.051144
331.658291  0.050865
333.869347  0.050593
336.080402  0.050322
338.291457  0.050060
340.502513  0.049800
342.713568  0.049543
344.924623  0.049290
347.135678  0.049043
349.346734  0.048799
351.557789  0.048563
353.768844  0.048331
355.979899  0.048103
358.190955  0.047879
360.402010  0.047660
362.613065  0.047449
364.824121  0.047240
367.035176  0.047040
369.246231  0.046845
371.457286  0.046655
373.668342  0.046468
375.879397  0.046288
378.090452  0.046114
380.301508  0.045947
382.512563  0.045782
384.723618  0.045626
386.934673  0.045478
389.145729  0.045333
391.356784  0.045195
393.567839  0.045061
395.778894  0.044933
397.989950  0.044812
400.201005  0.044696
402.412060  0.044588
404.623116  0.044486
406.834171  0.044388
409.045226  0.044297
411.256281  0.044213
413.467337  0.044137
415.678392  0.044066
417.889447  0.044000
420.100503  0.043941
422.311558  0.043888
424.522613  0.043841
426.733668  0.043801
428.944724  0.043766
431.155779  0.043738
433.366834  0.043715
435.577889  0.043700
437.788945  0.043690
440.000000  0.043687
