DataBase = TT1
ShotNo = sim1
SignalName = flux_loop2
SignalUnit = NA
TriggerTime = 0.000000 ms
Period = 2.211055 ms
CreateTime = 2026/06/09 15:29:34
Samples = 200
0.000000  0.103397
2.211055  0.103881
4.422111  0.104362
6.633166  0.104848
8.844221  0.105325
11.055276  0.105806
13.266332  0.106290
15.477387  0.106769
17.688442  0.107247
19.899497  0.107720
22.110553  0.108190
24.321608  0.108663
26.532663  0.109131
28.743719  0.109593
30.954774  0.110056
33.165829  0.110506
35.376884  0.110956
37.587940  0.111406
39.798995  0.111848
42.010050  0.112283
44.221106  0.112713
46.432161  0.113133
48.643216  0.113550
50.854271  0.113963
53.065327  0.114368
55.276382  0.114765
57.487437  0.115156
59.698492  0.115532
61.909548  0.115903
64.120603  0.116272
66.331658  0.116631
68.542714  0.116981
70.753769  0.117323
72.964824  0.117653
75.175879  0.117971
77.386935  0.118281
79.597990  0.118586
81.809045  0.118883
84.020101  0.119171
86.231156  0.119446
88.442211  0.119714
90.653266  0.119970
92.864322  0.120211
95.075377  0.120445
97.286432  0.120669
99.497487  0.120886
101.708543  0.121095
103.919598  0.121293
106.130653  0.121482
108.341709  0.121659
110.552764  0.121826
112.763819  0.121983
114.974874  0.122132
117.185930  0.122267
119.396985  0.122391
121.608040  0.122505
123.819095  0.122610
126.030151  0.122706
128.241206  0.122792
130.452261  0.122867
132.663317  0.122933
134.874372  0.122991
137.085427  0.123038
139.296482  0.123076
141.507538  0.123104
143.718593  0.123122
145.929648  0.123130
148.140704  0.123129
150.351759  0.123117
152.562814  0.123096
154.773869  0.123065
156.984925  0.123024
159.195980  0.122973
161.407035  0.122912
163.618090  0.122843
165.829146  0.122764
168.040201  0.122675
170.251256  0.122576
172.462312  0.122468
174.673367  0.122351
176.884422  0.122224
179.095477  0.122084
181.306533  0.121932
183.517588  0.121771
185.728643  0.121601
187.939698  0.121420
190.150754  0.121228
192.361809  0.121027
194.572864  0.120815
196.783920  0.120595
198.994975  0.120368
201.206030  0.120132
203.417085  0.119887
205.628141  0.119625
207.839196  0.119355
210.050251  0.119076
212.261307  0.118786
214.472362  0.118485
216.683417  0.118179
218.894472  0.117865
221.105528  0.117546
223.316583  0.117209
225.527638  0.116866
227.738693  0.116512
229.949749  0.116150
232.160804  0.115780
234.371859  0.115406
236.582915  0.115028
238.793970  0.114633
241.005025  0.114235
243.216080  0.113827
245.427136  0.113410
247.638191  0.112993
249.849246  0.112573
252.060302  0.112137
254.271357  0.111701
256.482412  0.111258
258.693467  0.110806
260.904523  0.110355
263.115578  0.109904
265.326633  0.109440
267.537688  0.108976
269.748744  0.108505
271.959799  0.108034
274.170854  0.107564
276.381910  0.107086
278.592965  0.106610
280.804020  0.106130
283.015075  0.105645
285.226131  0.105166
287.437186  0.104686
289.648241  0.104203
291.859296  0.103721
294.070352  0.103235
296.281407  0.102755
298.492462  0.102279
300.703518  0.101798
302.914573  0.101323
305.125628  0.100847
307.336683  0.100373
309.547739  0.099907
311.758794  0.099437
313.969849  0.098978
316.180905  0.098518
318.391960  0.098059
320.603015  0.097609
322.814070  0.097164
325.025126  0.096721
327.236181  0.096284
329.447236  0.095851
331.658291  0.095423
333.869347  0.095004
336.080402  0.094586
338.291457  0.094180
340.502513  0.093777
342.713568  0.093379
344.924623  0.092988
347.135678  0.092607
349.346734  0.092229
351.557789  0.091862
353.768844  0.091501
355.979899  0.091147
358.190955  0.090798
360.402010  0.090459
362.613065  0.090132
364.824121  0.089806
367.035176  0.089494
369.246231  0.089189
371.457286  0.088892
373.668342  0.088600
375.879397  0.088320
378.090452  0.088048
380.301508  0.087787
382.512563  0.087530
384.723618  0.087286
386.934673  0.087053
389.145729  0.086825
391.356784  0.086609
393.567839  0.086398
395.778894  0.086198
397.989950  0.086008
400.201005  0.085827
402.412060  0.085658
404.623116  0.085498
406.834171  0.085344
409.045226  0.085201
411.256281  0.085069
413.467337  0.084948
415.678392  0.084837
417.889447  0.084733
420.100503  0.084639
422.311558  0.084556
424.522613  0.084483
426.733668  0.084419
428.944724  0.084364
431.155779  0.084319
433.366834  0.084284
435.577889  0.084259
437.788945  0.084244
440.000000  0.084239
