DataBase = TT1
ShotNo = sim1
SignalName = GBP12T
SignalUnit = NA
TriggerTime = 0.000000 ms
Period = 2.211055 ms
CreateTime = 2026/06/09 15:29:34
Samples = 200
0.000000  -0.029778
2.211055  -0.029972
4.422111  -0.030165
6.633166  -0.030355
8.844221  -0.030538
11.055276  -0.030719
13.266332  -0.030902
15.477387  -0.031082
17.688442  -0.031258
19.899497  -0.031427
22.110553  -0.031591
24.321608  -0.031755
26.532663  -0.031918
28.743719  -0.032076
30.954774  -0.032228
33.165829  -0.032371
35.376884  -0.032511
37.587940  -0.032651
39.798995  -0.032787
42.010050  -0.032919
44.221106  -0.033041
46.432161  -0.033156
48.643216  -0.033268
50.854271  -0.033380
53.065327  -0.033487
55.276382  -0.033589
57.487437  -0.033683
59.698492  -0.033769
61.909548  -0.033850
64.120603  -0.033931
66.331658  -0.034009
68.542714  -0.034083
70.753769  -0.034152
72.964824  -0.034211
75.175879  -0.034265
77.386935  -0.034316
79.597990  -0.034364
81.809045  -0.034412
84.020101  -0.034457
86.231156  -0.034497
88.442211  -0.034534
90.653266  -0.034564
92.864322  -0.034590
95.075377  -0.034612
97.286432  -0.034633
99.497487  -0.034652
101.708543  -0.034671
103.919598  -0.034689
106.130653  -0.034705
108.341709  -0.034718
110.552764  -0.034731
112.763819  -0.034740
114.974874  -0.034747
117.185930  -0.034752
119.396985  -0.034755
121.608040  -0.034758
123.819095  -0.034760
126.030151  -0.034761
128.241206  -0.034762
130.452261  -0.034762
132.663317  -0.034762
134.874372  -0.034763
137.085427  -0.034763
139.296482  -0.034763
141.507538  -0.034763
143.718593  -0.034763
145.929648  -0.034763
148.140704  -0.034763
150.351759  -0.034763
152.562814  -0.034763
154.773869  -0.034763
156.984925  -0.034763
159.195980  -0.034763
161.407035  -0.034762
163.618090  -0.034762
165.829146  -0.034761
168.040201  -0.034760
170.251256  -0.034759
172.462312  -0.034757
174.673367  -0.034754
176.884422  -0.034751
179.095477  -0.034745
181.306533  -0.034737
183.517588  -0.034727
185.728643  -0.034714
187.939698  -0.034700
190.150754  -0.034683
192.361809  -0.034665
194.572864  -0.034646
196.783920  -0.034626
198.994975  -0.034605
201.206030  -0.034581
203.417085  -0.034555
205.628141  -0.034523
207.839196  -0.034484
210.050251  -0.034442
212.261307  -0.034396
214.472362  -0.034348
216.683417  -0.034299
218.894472  -0.034248
221.105528  -0.034193
223.316583  -0.034130
225.527638  -0.034059
227.738693  -0.033984
229.949749  -0.033904
232.160804  -0.033823
234.371859  -0.033740
236.582915  -0.033653
238.793970  -0.033556
241.005025  -0.033452
243.216080  -0.033343
245.427136  -0.033231
247.638191  -0.033118
249.849246  -0.033002
252.060302  -0.032876
254.271357  -0.032743
256.482412  -0.032605
258.693467  -0.032464
260.904523  -0.032323
263.115578  -0.032178
265.326633  -0.032023
267.537688  -0.031864
269.748744  -0.031700
271.959799  -0.031537
274.170854  -0.031372
276.381910  -0.031199
278.592965  -0.031022
280.804020  -0.030842
283.015075  -0.030659
285.226131  -0.030477
287.437186  -0.030292
289.648241  -0.030101
291.859296  -0.029908
294.070352  -0.029712
296.281407  -0.029519
298.492462  -0.029325
300.703518  -0.029126
302.914573  -0.028926
305.125628  -0.028724
307.336683  -0.028524
309.547739  -0.028326
311.758794  -0.028124
313.969849  -0.027923
316.180905  -0.027722
318.391960  -0.027520
320.603015  -0.027322
322.814070  -0.027125
325.025126  -0.026926
327.236181  -0.026730
329.447236  -0.026534
331.658291  -0.026340
333.869347  -0.026151
336.080402  -0.025960
338.291457  -0.025773
340.502513  -0.025588
342.713568  -0.025404
344.924623  -0.025224
347.135678  -0.025047
349.346734  -0.024872
351.557789  -0.024701
353.768844  -0.024532
355.979899  -0.024366
358.190955  -0.024203
360.402010  -0.024044
362.613065  -0.023891
364.824121  -0.023737
367.035176  -0.023590
369.246231  -0.023446
371.457286  -0.023306
373.668342  -0.023168
375.879397  -0.023035
378.090452  -0.022907
380.301508  -0.022784
382.512563  -0.022662
384.723618  -0.022546
386.934673  -0.022435
389.145729  -0.022327
391.356784  -0.022224
393.567839  -0.022124
395.778894  -0.022029
397.989950  -0.021939
400.201005  -0.021853
402.412060  -0.021773
404.623116  -0.021697
406.834171  -0.021624
409.045226  -0.021556
411.256281  -0.021493
413.467337  -0.021436
415.678392  -0.021383
417.889447  -0.021333
420.100503  -0.021289
422.311558  -0.021249
424.522613  -0.021214
426.733668  -0.021184
428.944724  -0.021158
431.155779  -0.021137
433.366834  -0.021120
435.577889  -0.021108
437.788945  -0.021101
440.000000  -0.021099
