DataBase = TT1
ShotNo = sim1
SignalName = GBP10T
SignalUnit = NA
TriggerTime = 0.000000 ms
Period = 2.211055 ms
CreateTime = 2026/06/09 15:29:34
Samples = 200
0.000000  -0.050928
2.211055  -0.051415
4.422111  -0.051901
6.633166  -0.052405
8.844221  -0.052916
11.055276  -0.053436
13.266332  -0.053959
15.477387  -0.054478
17.688442  -0.055005
19.899497  -0.055548
22.110553  -0.056097
24.321608  -0.056651
26.532663  -0.057198
28.743719  -0.057741
30.954774  -0.058310
33.165829  -0.058879
35.376884  -0.059454
37.587940  -0.060027
39.798995  -0.060593
42.010050  -0.061158
44.221106  -0.061746
46.432161  -0.062332
48.643216  -0.062919
50.854271  -0.063499
53.065327  -0.064072
55.276382  -0.064640
57.487437  -0.065230
59.698492  -0.065814
61.909548  -0.066396
64.120603  -0.066976
66.331658  -0.067538
68.542714  -0.068091
70.753769  -0.068647
72.964824  -0.069212
75.175879  -0.069768
77.386935  -0.070319
79.597990  -0.070862
81.809045  -0.071386
84.020101  -0.071899
86.231156  -0.072393
88.442211  -0.072889
90.653266  -0.073388
92.864322  -0.073870
95.075377  -0.074343
97.286432  -0.074801
99.497487  -0.075246
101.708543  -0.075671
103.919598  -0.076073
106.130653  -0.076461
108.341709  -0.076826
110.552764  -0.077172
112.763819  -0.077512
114.974874  -0.077845
117.185930  -0.078153
119.396985  -0.078442
121.608040  -0.078708
123.819095  -0.078957
126.030151  -0.079185
128.241206  -0.079391
130.452261  -0.079572
132.663317  -0.079731
134.874372  -0.079868
137.085427  -0.079983
139.296482  -0.080074
141.507538  -0.080141
143.718593  -0.080184
145.929648  -0.080204
148.140704  -0.080200
150.351759  -0.080173
152.562814  -0.080121
154.773869  -0.080046
156.984925  -0.079947
159.195980  -0.079824
161.407035  -0.079681
163.618090  -0.079514
165.829146  -0.079325
168.040201  -0.079112
170.251256  -0.078876
172.462312  -0.078622
174.673367  -0.078348
176.884422  -0.078051
179.095477  -0.077737
181.306533  -0.077399
183.517588  -0.077058
185.728643  -0.076707
187.939698  -0.076333
190.150754  -0.075940
192.361809  -0.075532
194.572864  -0.075100
196.783920  -0.074651
198.994975  -0.074187
201.206030  -0.073711
203.417085  -0.073224
205.628141  -0.072721
207.839196  -0.072230
210.050251  -0.071729
212.261307  -0.071215
214.472362  -0.070682
216.683417  -0.070137
218.894472  -0.069581
221.105528  -0.069025
223.316583  -0.068457
225.527638  -0.067909
227.738693  -0.067350
229.949749  -0.066784
232.160804  -0.066203
234.371859  -0.065617
236.582915  -0.065035
238.793970  -0.064448
241.005025  -0.063883
243.216080  -0.063309
245.427136  -0.062722
247.638191  -0.062135
249.849246  -0.061551
252.060302  -0.060966
254.271357  -0.060405
256.482412  -0.059838
258.693467  -0.059262
260.904523  -0.058687
263.115578  -0.058121
265.326633  -0.057560
267.537688  -0.057015
269.748744  -0.056466
271.959799  -0.055913
274.170854  -0.055368
276.381910  -0.054824
278.592965  -0.054306
280.804020  -0.053786
283.015075  -0.053262
285.226131  -0.052745
287.437186  -0.052234
289.648241  -0.051740
291.859296  -0.051253
294.070352  -0.050764
296.281407  -0.050280
298.492462  -0.049806
300.703518  -0.049340
302.914573  -0.048889
305.125628  -0.048440
307.336683  -0.047993
309.547739  -0.047555
311.758794  -0.047121
313.969849  -0.046710
316.180905  -0.046301
318.391960  -0.045892
320.603015  -0.045491
322.814070  -0.045099
325.025126  -0.044719
327.236181  -0.044349
329.447236  -0.043984
331.658291  -0.043622
333.869347  -0.043270
336.080402  -0.042922
338.291457  -0.042593
340.502513  -0.042269
342.713568  -0.041949
344.924623  -0.041634
347.135678  -0.041329
349.346734  -0.041029
351.557789  -0.040744
353.768844  -0.040467
355.979899  -0.040195
358.190955  -0.039926
360.402010  -0.039666
362.613065  -0.039415
364.824121  -0.039169
367.035176  -0.038938
369.246231  -0.038712
371.457286  -0.038494
373.668342  -0.038278
375.879397  -0.038071
378.090452  -0.037871
380.301508  -0.037680
382.512563  -0.037493
384.723618  -0.037319
386.934673  -0.037152
389.145729  -0.036991
391.356784  -0.036837
393.567839  -0.036688
395.778894  -0.036546
397.989950  -0.036411
400.201005  -0.036283
402.412060  -0.036164
404.623116  -0.036051
406.834171  -0.035943
409.045226  -0.035843
411.256281  -0.035753
413.467337  -0.035669
415.678392  -0.035593
417.889447  -0.035522
420.100503  -0.035458
422.311558  -0.035401
424.522613  -0.035350
426.733668  -0.035307
428.944724  -0.035269
431.155779  -0.035239
433.366834  -0.035215
435.577889  -0.035198
437.788945  -0.035187
440.000000  -0.035184
