DataBase = TT1
ShotNo = sim1
SignalName = GBP1T
SignalUnit = NA
TriggerTime = 0.000000 ms
Period = 2.211055 ms
CreateTime = 2026/06/09 15:29:34
Samples = 200
0.000000  -0.027879
2.211055  -0.027907
4.422111  -0.027932
6.633166  -0.027950
8.844221  -0.027959
11.055276  -0.027962
13.266332  -0.027966
15.477387  -0.027967
17.688442  -0.027962
19.899497  -0.027948
22.110553  -0.027929
24.321608  -0.027907
26.532663  -0.027885
28.743719  -0.027860
30.954774  -0.027826
33.165829  -0.027785
35.376884  -0.027741
37.587940  -0.027698
39.798995  -0.027653
42.010050  -0.027604
44.221106  -0.027548
46.432161  -0.027488
48.643216  -0.027425
50.854271  -0.027364
53.065327  -0.027302
55.276382  -0.027238
57.487437  -0.027167
59.698492  -0.027094
61.909548  -0.027020
64.120603  -0.026946
66.331658  -0.026874
68.542714  -0.026801
70.753769  -0.026727
72.964824  -0.026649
75.175879  -0.026571
77.386935  -0.026492
79.597990  -0.026415
81.809045  -0.026340
84.020101  -0.026267
86.231156  -0.026195
88.442211  -0.026122
90.653266  -0.026049
92.864322  -0.025977
95.075377  -0.025906
97.286432  -0.025837
99.497487  -0.025770
101.708543  -0.025706
103.919598  -0.025645
106.130653  -0.025587
108.341709  -0.025531
110.552764  -0.025478
112.763819  -0.025426
114.974874  -0.025376
117.185930  -0.025329
119.396985  -0.025285
121.608040  -0.025245
123.819095  -0.025207
126.030151  -0.025172
128.241206  -0.025141
130.452261  -0.025113
132.663317  -0.025089
134.874372  -0.025068
137.085427  -0.025050
139.296482  -0.025036
141.507538  -0.025026
143.718593  -0.025019
145.929648  -0.025016
148.140704  -0.025017
150.351759  -0.025021
152.562814  -0.025029
154.773869  -0.025040
156.984925  -0.025055
159.195980  -0.025074
161.407035  -0.025096
163.618090  -0.025122
165.829146  -0.025151
168.040201  -0.025183
170.251256  -0.025219
172.462312  -0.025258
174.673367  -0.025300
176.884422  -0.025345
179.095477  -0.025392
181.306533  -0.025443
183.517588  -0.025495
185.728643  -0.025549
187.939698  -0.025606
190.150754  -0.025665
192.361809  -0.025727
194.572864  -0.025792
196.783920  -0.025859
198.994975  -0.025929
201.206030  -0.026000
203.417085  -0.026073
205.628141  -0.026147
207.839196  -0.026218
210.050251  -0.026291
212.261307  -0.026364
214.472362  -0.026440
216.683417  -0.026518
218.894472  -0.026597
221.105528  -0.026675
223.316583  -0.026752
225.527638  -0.026825
227.738693  -0.026898
229.949749  -0.026970
232.160804  -0.027045
234.371859  -0.027119
236.582915  -0.027191
238.793970  -0.027260
241.005025  -0.027323
243.216080  -0.027384
245.427136  -0.027446
247.638191  -0.027508
249.849246  -0.027567
252.060302  -0.027622
254.271357  -0.027668
256.482412  -0.027712
258.693467  -0.027756
260.904523  -0.027799
263.115578  -0.027838
265.326633  -0.027868
267.537688  -0.027893
269.748744  -0.027914
271.959799  -0.027936
274.170854  -0.027954
276.381910  -0.027965
278.592965  -0.027967
280.804020  -0.027965
283.015075  -0.027961
285.226131  -0.027956
287.437186  -0.027945
289.648241  -0.027924
291.859296  -0.027898
294.070352  -0.027869
296.281407  -0.027839
298.492462  -0.027806
300.703518  -0.027762
302.914573  -0.027712
305.125628  -0.027659
307.336683  -0.027606
309.547739  -0.027549
311.758794  -0.027486
313.969849  -0.027415
316.180905  -0.027341
318.391960  -0.027265
320.603015  -0.027189
322.814070  -0.027110
325.025126  -0.027022
327.236181  -0.026931
329.447236  -0.026837
331.658291  -0.026745
333.869347  -0.026652
336.080402  -0.026554
338.291457  -0.026452
340.502513  -0.026347
342.713568  -0.026242
344.924623  -0.026138
347.135678  -0.026035
349.346734  -0.025929
351.557789  -0.025819
353.768844  -0.025710
355.979899  -0.025599
358.190955  -0.025491
360.402010  -0.025385
362.613065  -0.025280
364.824121  -0.025172
367.035176  -0.025065
369.246231  -0.024958
371.457286  -0.024853
373.668342  -0.024749
375.879397  -0.024650
378.090452  -0.024552
380.301508  -0.024457
382.512563  -0.024361
384.723618  -0.024267
386.934673  -0.024177
389.145729  -0.024087
391.356784  -0.024001
393.567839  -0.023918
395.778894  -0.023839
397.989950  -0.023764
400.201005  -0.023692
402.412060  -0.023623
404.623116  -0.023558
406.834171  -0.023495
409.045226  -0.023435
411.256281  -0.023380
413.467337  -0.023328
415.678392  -0.023280
417.889447  -0.023236
420.100503  -0.023196
422.311558  -0.023160
424.522613  -0.023128
426.733668  -0.023100
428.944724  -0.023076
431.155779  -0.023057
433.366834  -0.023042
435.577889  -0.023031
437.788945  -0.023025
440.000000  -0.023022
