DataBase = TT1
ShotNo = sim1
SignalName = GBP11T
SignalUnit = NA
TriggerTime = 0.000000 ms
Period = 2.211055 ms
CreateTime = 2026/06/09 15:29:34
Samples = 200
0.000000  -0.036769
2.211055  -0.037114
4.422111  -0.037460
6.633166  -0.037813
8.844221  -0.038167
11.055276  -0.038526
13.266332  -0.038887
15.477387  -0.039247
17.688442  -0.039609
19.899497  -0.039974
22.110553  -0.040342
24.321608  -0.040713
26.532663  -0.041080
28.743719  -0.041445
30.954774  -0.041818
33.165829  -0.042186
35.376884  -0.042557
37.587940  -0.042927
39.798995  -0.043293
42.010050  -0.043657
44.221106  -0.044024
46.432161  -0.044387
48.643216  -0.044750
50.854271  -0.045109
53.065327  -0.045463
55.276382  -0.045813
57.487437  -0.046165
59.698492  -0.046507
61.909548  -0.046849
64.120603  -0.047188
66.331658  -0.047519
68.542714  -0.047844
70.753769  -0.048165
72.964824  -0.048481
75.175879  -0.048787
77.386935  -0.049090
79.597990  -0.049388
81.809045  -0.049678
84.020101  -0.049960
86.231156  -0.050233
88.442211  -0.050500
90.653266  -0.050760
92.864322  -0.051006
95.075377  -0.051247
97.286432  -0.051480
99.497487  -0.051706
101.708543  -0.051923
103.919598  -0.052128
106.130653  -0.052326
108.341709  -0.052512
110.552764  -0.052689
112.763819  -0.052857
114.974874  -0.053017
117.185930  -0.053163
119.396985  -0.053298
121.608040  -0.053422
123.819095  -0.053537
126.030151  -0.053642
128.241206  -0.053738
130.452261  -0.053821
132.663317  -0.053895
134.874372  -0.053959
137.085427  -0.054011
139.296482  -0.054053
141.507538  -0.054084
143.718593  -0.054104
145.929648  -0.054113
148.140704  -0.054112
150.351759  -0.054099
152.562814  -0.054075
154.773869  -0.054041
156.984925  -0.053995
159.195980  -0.053938
161.407035  -0.053872
163.618090  -0.053795
165.829146  -0.053707
168.040201  -0.053609
170.251256  -0.053500
172.462312  -0.053382
174.673367  -0.053254
176.884422  -0.053116
179.095477  -0.052965
181.306533  -0.052802
183.517588  -0.052631
185.728643  -0.052451
187.939698  -0.052261
190.150754  -0.052061
192.361809  -0.051852
194.572864  -0.051631
196.783920  -0.051403
198.994975  -0.051168
201.206030  -0.050925
203.417085  -0.050675
205.628141  -0.050411
207.839196  -0.050142
210.050251  -0.049866
212.261307  -0.049583
214.472362  -0.049289
216.683417  -0.048990
218.894472  -0.048685
221.105528  -0.048377
223.316583  -0.048057
225.527638  -0.047736
227.738693  -0.047409
229.949749  -0.047076
232.160804  -0.046735
234.371859  -0.046392
236.582915  -0.046049
238.793970  -0.045696
241.005025  -0.045346
243.216080  -0.044991
245.427136  -0.044628
247.638191  -0.044265
249.849246  -0.043904
252.060302  -0.043535
254.271357  -0.043172
256.482412  -0.042805
258.693467  -0.042433
260.904523  -0.042062
263.115578  -0.041695
265.326633  -0.041324
267.537688  -0.040957
269.748744  -0.040589
271.959799  -0.040219
274.170854  -0.039853
276.381910  -0.039486
278.592965  -0.039127
280.804020  -0.038768
283.015075  -0.038406
285.226131  -0.038048
287.437186  -0.037694
289.648241  -0.037345
291.859296  -0.037000
294.070352  -0.036653
296.281407  -0.036310
298.492462  -0.035973
300.703518  -0.035638
302.914573  -0.035312
305.125628  -0.034986
307.336683  -0.034662
309.547739  -0.034345
311.758794  -0.034029
313.969849  -0.033726
316.180905  -0.033424
318.391960  -0.033122
320.603015  -0.032827
322.814070  -0.032537
325.025126  -0.032254
327.236181  -0.031977
329.447236  -0.031704
331.658291  -0.031433
333.869347  -0.031169
336.080402  -0.030909
338.291457  -0.030660
340.502513  -0.030414
342.713568  -0.030171
344.924623  -0.029933
347.135678  -0.029702
349.346734  -0.029474
351.557789  -0.029257
353.768844  -0.029044
355.979899  -0.028836
358.190955  -0.028631
360.402010  -0.028432
362.613065  -0.028240
364.824121  -0.028051
367.035176  -0.027873
369.246231  -0.027699
371.457286  -0.027530
373.668342  -0.027364
375.879397  -0.027204
378.090452  -0.027050
380.301508  -0.026903
382.512563  -0.026758
384.723618  -0.026623
386.934673  -0.026494
389.145729  -0.026369
391.356784  -0.026249
393.567839  -0.026133
395.778894  -0.026023
397.989950  -0.025918
400.201005  -0.025819
402.412060  -0.025727
404.623116  -0.025639
406.834171  -0.025555
409.045226  -0.025477
411.256281  -0.025407
413.467337  -0.025342
415.678392  -0.025282
417.889447  -0.025227
420.100503  -0.025177
422.311558  -0.025132
424.522613  -0.025093
426.733668  -0.025059
428.944724  -0.025030
431.155779  -0.025006
433.366834  -0.024987
435.577889  -0.024974
437.788945  -0.024966
440.000000  -0.024963
