DataBase = TT1
ShotNo = sim1
SignalName = GBP2T
SignalUnit = NA
TriggerTime = 0.000000 ms
Period = 2.211055 ms
CreateTime = 2026/06/09 15:29:34
Samples = 200
0.000000  -0.030331
2.211055  -0.030183
4.422111  -0.030034
6.633166  -0.029879
8.844221  -0.029721
11.055276  -0.029559
13.266332  -0.029397
15.477387  -0.029237
17.688442  -0.029074
19.899497  -0.028907
22.110553  -0.028739
24.321608  -0.028569
26.532663  -0.028402
28.743719  -0.028237
30.954774  -0.028066
33.165829  -0.027896
35.376884  -0.027726
37.587940  -0.027557
39.798995  -0.027391
42.010050  -0.027226
44.221106  -0.027058
46.432161  -0.026893
48.643216  -0.026728
50.854271  -0.026566
53.065327  -0.026407
55.276382  -0.026250
57.487437  -0.026092
59.698492  -0.025938
61.909548  -0.025786
64.120603  -0.025635
66.331658  -0.025489
68.542714  -0.025346
70.753769  -0.025205
72.964824  -0.025066
75.175879  -0.024931
77.386935  -0.024799
79.597990  -0.024669
81.809045  -0.024543
84.020101  -0.024421
86.231156  -0.024304
88.442211  -0.024189
90.653266  -0.024078
92.864322  -0.023971
95.075377  -0.023867
97.286432  -0.023768
99.497487  -0.023672
101.708543  -0.023579
103.919598  -0.023492
106.130653  -0.023409
108.341709  -0.023331
110.552764  -0.023257
112.763819  -0.023186
114.974874  -0.023118
117.185930  -0.023057
119.396985  -0.022999
121.608040  -0.022947
123.819095  -0.022898
126.030151  -0.022854
128.241206  -0.022813
130.452261  -0.022778
132.663317  -0.022747
134.874372  -0.022721
137.085427  -0.022699
139.296482  -0.022681
141.507538  -0.022668
143.718593  -0.022660
145.929648  -0.022656
148.140704  -0.022657
150.351759  -0.022662
152.562814  -0.022672
154.773869  -0.022686
156.984925  -0.022705
159.195980  -0.022729
161.407035  -0.022757
163.618090  -0.022789
165.829146  -0.022826
168.040201  -0.022868
170.251256  -0.022914
172.462312  -0.022964
174.673367  -0.023018
176.884422  -0.023077
179.095477  -0.023140
181.306533  -0.023209
183.517588  -0.023281
185.728643  -0.023356
187.939698  -0.023436
190.150754  -0.023521
192.361809  -0.023610
194.572864  -0.023703
196.783920  -0.023801
198.994975  -0.023901
201.206030  -0.024006
203.417085  -0.024114
205.628141  -0.024228
207.839196  -0.024343
210.050251  -0.024461
212.261307  -0.024584
214.472362  -0.024711
216.683417  -0.024842
218.894472  -0.024976
221.105528  -0.025111
223.316583  -0.025252
225.527638  -0.025393
227.738693  -0.025537
229.949749  -0.025685
232.160804  -0.025836
234.371859  -0.025990
236.582915  -0.026144
238.793970  -0.026303
241.005025  -0.026459
243.216080  -0.026619
245.427136  -0.026783
247.638191  -0.026948
249.849246  -0.027114
252.060302  -0.027281
254.271357  -0.027446
256.482412  -0.027613
258.693467  -0.027783
260.904523  -0.027953
263.115578  -0.028123
265.326633  -0.028292
267.537688  -0.028458
269.748744  -0.028625
271.959799  -0.028795
274.170854  -0.028963
276.381910  -0.029130
278.592965  -0.029290
280.804020  -0.029451
283.015075  -0.029613
285.226131  -0.029774
287.437186  -0.029932
289.648241  -0.030084
291.859296  -0.030232
294.070352  -0.030381
296.281407  -0.030528
298.492462  -0.030673
300.703518  -0.030811
302.914573  -0.030942
305.125628  -0.031071
307.336683  -0.031201
309.547739  -0.031327
311.758794  -0.031447
313.969849  -0.031557
316.180905  -0.031664
318.391960  -0.031771
320.603015  -0.031875
322.814070  -0.031973
325.025126  -0.032062
327.236181  -0.032144
329.447236  -0.032223
331.658291  -0.032302
333.869347  -0.032376
336.080402  -0.032444
338.291457  -0.032502
340.502513  -0.032554
342.713568  -0.032604
344.924623  -0.032654
347.135678  -0.032699
349.346734  -0.032739
351.557789  -0.032768
353.768844  -0.032793
355.979899  -0.032814
358.190955  -0.032836
360.402010  -0.032855
362.613065  -0.032871
364.824121  -0.032880
367.035176  -0.032882
369.246231  -0.032880
371.457286  -0.032876
373.668342  -0.032872
375.879397  -0.032868
378.090452  -0.032862
380.301508  -0.032854
382.512563  -0.032841
384.723618  -0.032823
386.934673  -0.032805
389.145729  -0.032784
391.356784  -0.032763
393.567839  -0.032742
395.778894  -0.032723
397.989950  -0.032704
400.201005  -0.032685
402.412060  -0.032665
404.623116  -0.032646
406.834171  -0.032625
409.045226  -0.032604
411.256281  -0.032583
413.467337  -0.032562
415.678392  -0.032544
417.889447  -0.032525
420.100503  -0.032508
422.311558  -0.032493
424.522613  -0.032479
426.733668  -0.032467
428.944724  -0.032457
431.155779  -0.032448
433.366834  -0.032441
435.577889  -0.032437
437.788945  -0.032434
440.000000  -0.032433
