DataBase = TT1
ShotNo = sim1
SignalName = GBP3T
SignalUnit = NA
TriggerTime = 0.000000 ms
Period = 2.211055 ms
CreateTime = 2026/06/09 15:29:34
Samples = 200
0.000000  -0.037741
2.211055  -0.037409
4.422111  -0.037083
6.633166  -0.036757
8.844221  -0.036440
11.055276  -0.036124
13.266332  -0.035807
15.477387  -0.035496
17.688442  -0.035189
19.899497  -0.034888
22.110553  -0.034591
24.321608  -0.034295
26.532663  -0.034003
28.743719  -0.033718
30.954774  -0.033435
33.165829  -0.033162
35.376884  -0.032891
37.587940  -0.032621
39.798995  -0.032358
42.010050  -0.032101
44.221106  -0.031848
46.432161  -0.031603
48.643216  -0.031361
50.854271  -0.031123
53.065327  -0.030890
55.276382  -0.030663
57.487437  -0.030441
59.698492  -0.030228
61.909548  -0.030018
64.120603  -0.029811
66.331658  -0.029610
68.542714  -0.029416
70.753769  -0.029226
72.964824  -0.029042
75.175879  -0.028867
77.386935  -0.028695
79.597990  -0.028527
81.809045  -0.028364
84.020101  -0.028207
86.231156  -0.028057
88.442211  -0.027911
90.653266  -0.027770
92.864322  -0.027639
95.075377  -0.027511
97.286432  -0.027388
99.497487  -0.027270
101.708543  -0.027156
103.919598  -0.027049
106.130653  -0.026946
108.341709  -0.026851
110.552764  -0.026760
112.763819  -0.026675
114.974874  -0.026593
117.185930  -0.026520
119.396985  -0.026452
121.608040  -0.026390
123.819095  -0.026332
126.030151  -0.026279
128.241206  -0.026232
130.452261  -0.026191
132.663317  -0.026154
134.874372  -0.026123
137.085427  -0.026097
139.296482  -0.026076
141.507538  -0.026061
143.718593  -0.026051
145.929648  -0.026047
148.140704  -0.026047
150.351759  -0.026054
152.562814  -0.026065
154.773869  -0.026083
156.984925  -0.026105
159.195980  -0.026133
161.407035  -0.026166
163.618090  -0.026204
165.829146  -0.026247
168.040201  -0.026296
170.251256  -0.026351
172.462312  -0.026410
174.673367  -0.026474
176.884422  -0.026543
179.095477  -0.026620
181.306533  -0.026703
183.517588  -0.026790
185.728643  -0.026882
187.939698  -0.026980
190.150754  -0.027084
192.361809  -0.027193
194.572864  -0.027309
196.783920  -0.027428
198.994975  -0.027553
201.206030  -0.027682
203.417085  -0.027816
205.628141  -0.027959
207.839196  -0.028106
210.050251  -0.028259
212.261307  -0.028418
214.472362  -0.028583
216.683417  -0.028751
218.894472  -0.028925
221.105528  -0.029102
223.316583  -0.029289
225.527638  -0.029480
227.738693  -0.029677
229.949749  -0.029880
232.160804  -0.030088
234.371859  -0.030299
236.582915  -0.030513
238.793970  -0.030739
241.005025  -0.030966
243.216080  -0.031201
245.427136  -0.031442
247.638191  -0.031685
249.849246  -0.031930
252.060302  -0.032187
254.271357  -0.032445
256.482412  -0.032710
258.693467  -0.032981
260.904523  -0.033253
263.115578  -0.033528
265.326633  -0.033813
267.537688  -0.034100
269.748744  -0.034394
271.959799  -0.034690
274.170854  -0.034987
276.381910  -0.035292
278.592965  -0.035599
280.804020  -0.035912
283.015075  -0.036229
285.226131  -0.036546
287.437186  -0.036866
289.648241  -0.037191
291.859296  -0.037519
294.070352  -0.037852
296.281407  -0.038184
298.492462  -0.038516
300.703518  -0.038855
302.914573  -0.039193
305.125628  -0.039535
307.336683  -0.039877
309.547739  -0.040218
311.758794  -0.040564
313.969849  -0.040906
316.180905  -0.041251
318.391960  -0.041598
320.603015  -0.041941
322.814070  -0.042283
325.025126  -0.042626
327.236181  -0.042967
329.447236  -0.043309
331.658291  -0.043648
333.869347  -0.043983
336.080402  -0.044319
338.291457  -0.044648
340.502513  -0.044975
342.713568  -0.045302
344.924623  -0.045625
347.135678  -0.045942
349.346734  -0.046257
351.557789  -0.046564
353.768844  -0.046867
355.979899  -0.047166
358.190955  -0.047463
360.402010  -0.047752
362.613065  -0.048035
364.824121  -0.048315
367.035176  -0.048582
369.246231  -0.048843
371.457286  -0.049100
373.668342  -0.049353
375.879397  -0.049598
378.090452  -0.049835
380.301508  -0.050065
382.512563  -0.050289
384.723618  -0.050501
386.934673  -0.050703
389.145729  -0.050900
391.356784  -0.051088
393.567839  -0.051272
395.778894  -0.051448
397.989950  -0.051614
400.201005  -0.051773
402.412060  -0.051923
404.623116  -0.052065
406.834171  -0.052199
409.045226  -0.052323
411.256281  -0.052435
413.467337  -0.052539
415.678392  -0.052635
417.889447  -0.052723
420.100503  -0.052803
422.311558  -0.052875
424.522613  -0.052938
426.733668  -0.052993
428.944724  -0.053040
431.155779  -0.053078
433.366834  -0.053108
435.577889  -0.053129
437.788945  -0.053142
440.000000  -0.053146
