DataBase = TT1
ShotNo = sim1
SignalName = GBP4T
SignalUnit = NA
TriggerTime = 0.000000 ms
Period = 2.211055 ms
CreateTime = 2026/06/09 15:29:34
Samples = 200
0.000000  -0.051939
2.211055  -0.051438
4.422111  -0.050946
6.633166  -0.050460
8.844221  -0.049996
11.055276  -0.049534
13.266332  -0.049072
15.477387  -0.048618
17.688442  -0.048171
19.899497  -0.047742
22.110553  -0.047321
24.321608  -0.046900
26.532663  -0.046486
28.743719  -0.046082
30.954774  -0.045684
33.165829  -0.045305
35.376884  -0.044930
37.587940  -0.044556
39.798995  -0.044191
42.010050  -0.043835
44.221106  -0.043490
46.432161  -0.043157
48.643216  -0.042828
50.854271  -0.042504
53.065327  -0.042187
55.276382  -0.041880
57.487437  -0.041581
59.698492  -0.041296
61.909548  -0.041017
64.120603  -0.040739
66.331658  -0.040471
68.542714  -0.040211
70.753769  -0.039958
72.964824  -0.039715
75.175879  -0.039484
77.386935  -0.039258
79.597990  -0.039036
81.809045  -0.038822
84.020101  -0.038614
86.231156  -0.038417
88.442211  -0.038225
90.653266  -0.038041
92.864322  -0.037869
95.075377  -0.037703
97.286432  -0.037544
99.497487  -0.037389
101.708543  -0.037241
103.919598  -0.037102
106.130653  -0.036968
108.341709  -0.036844
110.552764  -0.036726
112.763819  -0.036615
114.974874  -0.036509
117.185930  -0.036414
119.396985  -0.036327
121.608040  -0.036246
123.819095  -0.036172
126.030151  -0.036104
128.241206  -0.036043
130.452261  -0.035990
132.663317  -0.035943
134.874372  -0.035903
137.085427  -0.035869
139.296482  -0.035842
141.507538  -0.035823
143.718593  -0.035810
145.929648  -0.035804
148.140704  -0.035805
150.351759  -0.035813
152.562814  -0.035828
154.773869  -0.035850
156.984925  -0.035879
159.195980  -0.035915
161.407035  -0.035958
163.618090  -0.036007
165.829146  -0.036063
168.040201  -0.036126
170.251256  -0.036196
172.462312  -0.036272
174.673367  -0.036355
176.884422  -0.036445
179.095477  -0.036543
181.306533  -0.036651
183.517588  -0.036764
185.728643  -0.036884
187.939698  -0.037012
190.150754  -0.037147
192.361809  -0.037290
194.572864  -0.037440
196.783920  -0.037596
198.994975  -0.037757
201.206030  -0.037926
203.417085  -0.038100
205.628141  -0.038289
207.839196  -0.038482
210.050251  -0.038683
212.261307  -0.038892
214.472362  -0.039110
216.683417  -0.039332
218.894472  -0.039561
221.105528  -0.039794
223.316583  -0.040042
225.527638  -0.040296
227.738693  -0.040560
229.949749  -0.040831
232.160804  -0.041109
234.371859  -0.041391
236.582915  -0.041678
238.793970  -0.041982
241.005025  -0.042291
243.216080  -0.042610
245.427136  -0.042938
247.638191  -0.043268
249.849246  -0.043602
252.060302  -0.043954
254.271357  -0.044311
256.482412  -0.044679
258.693467  -0.045055
260.904523  -0.045432
263.115578  -0.045814
265.326633  -0.046216
267.537688  -0.046624
269.748744  -0.047041
271.959799  -0.047460
274.170854  -0.047883
276.381910  -0.048321
278.592965  -0.048767
280.804020  -0.049225
283.015075  -0.049688
285.226131  -0.050151
287.437186  -0.050621
289.648241  -0.051109
291.859296  -0.051604
294.070352  -0.052107
296.281407  -0.052608
298.492462  -0.053109
300.703518  -0.053635
302.914573  -0.054166
305.125628  -0.054704
307.336683  -0.055241
309.547739  -0.055775
311.758794  -0.056330
313.969849  -0.056890
316.180905  -0.057459
318.391960  -0.058030
320.603015  -0.058595
322.814070  -0.059162
325.025126  -0.059752
327.236181  -0.060345
329.447236  -0.060940
331.658291  -0.061529
333.869347  -0.062113
336.080402  -0.062711
338.291457  -0.063316
340.502513  -0.063925
342.713568  -0.064535
344.924623  -0.065133
347.135678  -0.065723
349.346734  -0.066324
351.557789  -0.066932
353.768844  -0.067540
355.979899  -0.068146
358.190955  -0.068742
360.402010  -0.069325
362.613065  -0.069894
364.824121  -0.070483
367.035176  -0.071067
369.246231  -0.071645
371.457286  -0.072216
373.668342  -0.072779
375.879397  -0.073320
378.090452  -0.073849
380.301508  -0.074359
382.512563  -0.074885
384.723618  -0.075399
386.934673  -0.075899
389.145729  -0.076391
391.356784  -0.076863
393.567839  -0.077323
395.778894  -0.077759
397.989950  -0.078175
400.201005  -0.078574
402.412060  -0.078948
404.623116  -0.079306
406.834171  -0.079662
409.045226  -0.080002
411.256281  -0.080319
413.467337  -0.080614
415.678392  -0.080886
417.889447  -0.081141
420.100503  -0.081372
422.311558  -0.081580
424.522613  -0.081762
426.733668  -0.081921
428.944724  -0.082057
431.155779  -0.082170
433.366834  -0.082257
435.577889  -0.082319
437.788945  -0.082356
440.000000  -0.082369
