DataBase = TT1
ShotNo = sim1
SignalName = GBP5T
SignalUnit = NA
TriggerTime = 0.000000 ms
Period = 2.211055 ms
CreateTime = 2026/06/09 15:29:34
Samples = 200
0.000000  -0.075267
2.211055  -0.074669
4.422111  -0.074081
6.633166  -0.073494
8.844221  -0.072927
11.055276  -0.072361
13.266332  -0.071794
15.477387  -0.071236
17.688442  -0.070686
19.899497  -0.070150
22.110553  -0.069622
24.321608  -0.069094
26.532663  -0.068574
28.743719  -0.068066
30.954774  -0.067562
33.165829  -0.067077
35.376884  -0.066596
37.587940  -0.066118
39.798995  -0.065650
42.010050  -0.065192
44.221106  -0.064745
46.432161  -0.064311
48.643216  -0.063883
50.854271  -0.063460
53.065327  -0.063046
55.276382  -0.062645
57.487437  -0.062251
59.698492  -0.061874
61.909548  -0.061504
64.120603  -0.061137
66.331658  -0.060782
68.542714  -0.060437
70.753769  -0.060100
72.964824  -0.059776
75.175879  -0.059465
77.386935  -0.059162
79.597990  -0.058864
81.809045  -0.058576
84.020101  -0.058297
86.231156  -0.058031
88.442211  -0.057772
90.653266  -0.057524
92.864322  -0.057291
95.075377  -0.057064
97.286432  -0.056848
99.497487  -0.056638
101.708543  -0.056437
103.919598  -0.056247
106.130653  -0.056065
108.341709  -0.055896
110.552764  -0.055735
112.763819  -0.055583
114.974874  -0.055439
117.185930  -0.055308
119.396985  -0.055189
121.608040  -0.055078
123.819095  -0.054976
126.030151  -0.054883
128.241206  -0.054799
130.452261  -0.054726
132.663317  -0.054661
134.874372  -0.054606
137.085427  -0.054560
139.296482  -0.054523
141.507538  -0.054496
143.718593  -0.054478
145.929648  -0.054470
148.140704  -0.054472
150.351759  -0.054483
152.562814  -0.054504
154.773869  -0.054534
156.984925  -0.054574
159.195980  -0.054624
161.407035  -0.054682
163.618090  -0.054749
165.829146  -0.054826
168.040201  -0.054913
170.251256  -0.055009
172.462312  -0.055114
174.673367  -0.055228
176.884422  -0.055351
179.095477  -0.055485
181.306533  -0.055633
183.517588  -0.055788
185.728643  -0.055951
187.939698  -0.056125
190.150754  -0.056309
192.361809  -0.056503
194.572864  -0.056707
196.783920  -0.056919
198.994975  -0.057139
201.206030  -0.057367
203.417085  -0.057604
205.628141  -0.057859
207.839196  -0.058119
210.050251  -0.058389
212.261307  -0.058671
214.472362  -0.058963
216.683417  -0.059261
218.894472  -0.059569
221.105528  -0.059881
223.316583  -0.060213
225.527638  -0.060550
227.738693  -0.060899
229.949749  -0.061259
232.160804  -0.061626
234.371859  -0.062000
236.582915  -0.062379
238.793970  -0.062778
241.005025  -0.063182
243.216080  -0.063599
245.427136  -0.064026
247.638191  -0.064456
249.849246  -0.064890
252.060302  -0.065345
254.271357  -0.065804
256.482412  -0.066275
258.693467  -0.066757
260.904523  -0.067239
263.115578  -0.067726
265.326633  -0.068234
267.537688  -0.068747
269.748744  -0.069270
271.959799  -0.069797
274.170854  -0.070326
276.381910  -0.070871
278.592965  -0.071420
280.804020  -0.071981
283.015075  -0.072549
285.226131  -0.073116
287.437186  -0.073689
289.648241  -0.074275
291.859296  -0.074868
294.070352  -0.075468
296.281407  -0.076066
298.492462  -0.076662
300.703518  -0.077278
302.914573  -0.077894
305.125628  -0.078518
307.336683  -0.079139
309.547739  -0.079757
311.758794  -0.080389
313.969849  -0.081018
316.180905  -0.081655
318.391960  -0.082293
320.603015  -0.082923
322.814070  -0.083553
325.025126  -0.084193
327.236181  -0.084830
329.447236  -0.085469
331.658291  -0.086101
333.869347  -0.086726
336.080402  -0.087357
338.291457  -0.087981
340.502513  -0.088605
342.713568  -0.089228
344.924623  -0.089840
347.135678  -0.090443
349.346734  -0.091047
351.557789  -0.091642
353.768844  -0.092232
355.979899  -0.092817
358.190955  -0.093393
360.402010  -0.093957
362.613065  -0.094507
364.824121  -0.095059
367.035176  -0.095592
369.246231  -0.096118
371.457286  -0.096634
373.668342  -0.097143
375.879397  -0.097632
378.090452  -0.098110
380.301508  -0.098571
382.512563  -0.099029
384.723618  -0.099466
386.934673  -0.099886
389.145729  -0.100297
391.356784  -0.100692
393.567839  -0.101076
395.778894  -0.101441
397.989950  -0.101788
400.201005  -0.102120
402.412060  -0.102433
404.623116  -0.102730
406.834171  -0.103015
409.045226  -0.103282
411.256281  -0.103527
413.467337  -0.103753
415.678392  -0.103962
417.889447  -0.104156
420.100503  -0.104331
422.311558  -0.104489
424.522613  -0.104627
426.733668  -0.104748
428.944724  -0.104852
431.155779  -0.104937
433.366834  -0.105002
435.577889  -0.105049
437.788945  -0.105078
440.000000  -0.105087
