DataBase = TT1
ShotNo = sim1
SignalName = GBP6T
SignalUnit = NA
TriggerTime = 0.000000 ms
Period = 2.211055 ms
CreateTime = 2026/06/09 15:29:34
Samples = 200
0.000000  -0.104849
2.211055  -0.104368
4.422111  -0.103889
6.633166  -0.103400
8.844221  -0.102910
11.055276  -0.102415
13.266332  -0.101919
15.477387  -0.101427
17.688442  -0.100934
19.899497  -0.100437
22.110553  -0.099942
24.321608  -0.099443
26.532663  -0.098951
28.743719  -0.098466
30.954774  -0.097973
33.165829  -0.097488
35.376884  -0.097004
37.587940  -0.096522
39.798995  -0.096048
42.010050  -0.095580
44.221106  -0.095111
46.432161  -0.094651
48.643216  -0.094194
50.854271  -0.093743
53.065327  -0.093300
55.276382  -0.092866
57.487437  -0.092433
59.698492  -0.092013
61.909548  -0.091598
64.120603  -0.091186
66.331658  -0.090787
68.542714  -0.090398
70.753769  -0.090015
72.964824  -0.089640
75.175879  -0.089278
77.386935  -0.088923
79.597990  -0.088574
81.809045  -0.088236
84.020101  -0.087909
86.231156  -0.087595
88.442211  -0.087287
90.653266  -0.086989
92.864322  -0.086707
95.075377  -0.086432
97.286432  -0.086168
99.497487  -0.085912
101.708543  -0.085667
103.919598  -0.085436
106.130653  -0.085214
108.341709  -0.085006
110.552764  -0.084809
112.763819  -0.084622
114.974874  -0.084443
117.185930  -0.084280
119.396985  -0.084130
121.608040  -0.083992
123.819095  -0.083863
126.030151  -0.083746
128.241206  -0.083641
130.452261  -0.083548
132.663317  -0.083467
134.874372  -0.083397
137.085427  -0.083339
139.296482  -0.083292
141.507538  -0.083258
143.718593  -0.083236
145.929648  -0.083226
148.140704  -0.083228
150.351759  -0.083242
152.562814  -0.083268
154.773869  -0.083306
156.984925  -0.083357
159.195980  -0.083419
161.407035  -0.083493
163.618090  -0.083578
165.829146  -0.083674
168.040201  -0.083784
170.251256  -0.083905
172.462312  -0.084036
174.673367  -0.084179
176.884422  -0.084333
179.095477  -0.084501
181.306533  -0.084684
183.517588  -0.084874
185.728643  -0.085074
187.939698  -0.085287
190.150754  -0.085512
192.361809  -0.085747
194.572864  -0.085996
196.783920  -0.086255
198.994975  -0.086522
201.206030  -0.086799
203.417085  -0.087086
205.628141  -0.087390
207.839196  -0.087698
210.050251  -0.088017
212.261307  -0.088347
214.472362  -0.088690
216.683417  -0.089040
218.894472  -0.089399
221.105528  -0.089763
223.316583  -0.090144
225.527638  -0.090526
227.738693  -0.090920
229.949749  -0.091323
232.160804  -0.091735
234.371859  -0.092153
236.582915  -0.092575
238.793970  -0.093011
241.005025  -0.093446
243.216080  -0.093891
245.427136  -0.094347
247.638191  -0.094805
249.849246  -0.095265
252.060302  -0.095737
254.271357  -0.096205
256.482412  -0.096681
258.693467  -0.097166
260.904523  -0.097651
263.115578  -0.098135
265.326633  -0.098627
267.537688  -0.099115
269.748744  -0.099610
271.959799  -0.100107
274.170854  -0.100602
276.381910  -0.101101
278.592965  -0.101590
280.804020  -0.102083
283.015075  -0.102581
285.226131  -0.103074
287.437186  -0.103564
289.648241  -0.104048
291.859296  -0.104528
294.070352  -0.105010
296.281407  -0.105489
298.492462  -0.105960
300.703518  -0.106426
302.914573  -0.106880
305.125628  -0.107333
307.336683  -0.107785
309.547739  -0.108227
311.758794  -0.108663
313.969849  -0.109081
316.180905  -0.109494
318.391960  -0.109906
320.603015  -0.110309
322.814070  -0.110702
325.025126  -0.111079
327.236181  -0.111444
329.447236  -0.111804
331.658291  -0.112159
333.869347  -0.112502
336.080402  -0.112836
338.291457  -0.113147
340.502513  -0.113449
342.713568  -0.113745
344.924623  -0.114035
347.135678  -0.114314
349.346734  -0.114581
351.557789  -0.114828
353.768844  -0.115063
355.979899  -0.115290
358.190955  -0.115513
360.402010  -0.115727
362.613065  -0.115929
364.824121  -0.116120
367.035176  -0.116291
369.246231  -0.116453
371.457286  -0.116606
373.668342  -0.116757
375.879397  -0.116901
378.090452  -0.117035
380.301508  -0.117162
382.512563  -0.117278
384.723618  -0.117379
386.934673  -0.117473
389.145729  -0.117559
391.356784  -0.117640
393.567839  -0.117717
395.778894  -0.117791
397.989950  -0.117860
400.201005  -0.117923
402.412060  -0.117980
404.623116  -0.118033
406.834171  -0.118079
409.045226  -0.118118
411.256281  -0.118151
413.467337  -0.118181
415.678392  -0.118207
417.889447  -0.118231
420.100503  -0.118251
422.311558  -0.118269
424.522613  -0.118284
426.733668  -0.118297
428.944724  -0.118308
431.155779  -0.118317
433.366834  -0.118324
435.577889  -0.118329
437.788945  -0.118332
440.000000  -0.118333
