DataBase = TT1
ShotNo = sim1
SignalName = GBP7T
SignalUnit = NA
TriggerTime = 0.000000 ms
Period = 2.211055 ms
CreateTime = 2026/06/09 15:29:34
Samples = 200
0.000000  -0.121137
2.211055  -0.121105
4.422111  -0.121065
6.633166  -0.121009
8.844221  -0.120933
11.055276  -0.120847
13.266332  -0.120758
15.477387  -0.120664
17.688442  -0.120558
19.899497  -0.120432
22.110553  -0.120296
24.321608  -0.120154
26.532663  -0.120011
28.743719  -0.119862
30.954774  -0.119694
33.165829  -0.119516
35.376884  -0.119330
37.587940  -0.119144
39.798995  -0.118955
42.010050  -0.118761
44.221106  -0.118551
46.432161  -0.118337
48.643216  -0.118117
50.854271  -0.117899
53.065327  -0.117681
55.276382  -0.117461
57.487437  -0.117229
59.698492  -0.116995
61.909548  -0.116759
64.120603  -0.116523
66.331658  -0.116293
68.542714  -0.116064
70.753769  -0.115833
72.964824  -0.115598
75.175879  -0.115364
77.386935  -0.115132
79.597990  -0.114902
81.809045  -0.114680
84.020101  -0.114461
86.231156  -0.114249
88.442211  -0.114037
90.653266  -0.113826
92.864322  -0.113621
95.075377  -0.113420
97.286432  -0.113226
99.497487  -0.113036
101.708543  -0.112854
103.919598  -0.112683
106.130653  -0.112517
108.341709  -0.112360
110.552764  -0.112211
112.763819  -0.112066
114.974874  -0.111927
117.185930  -0.111798
119.396985  -0.111677
121.608040  -0.111566
123.819095  -0.111462
126.030151  -0.111367
128.241206  -0.111281
130.452261  -0.111206
132.663317  -0.111139
134.874372  -0.111082
137.085427  -0.111034
139.296482  -0.110996
141.507538  -0.110968
143.718593  -0.110950
145.929648  -0.110942
148.140704  -0.110944
150.351759  -0.110955
152.562814  -0.110977
154.773869  -0.111008
156.984925  -0.111049
159.195980  -0.111100
161.407035  -0.111161
163.618090  -0.111230
165.829146  -0.111309
168.040201  -0.111398
170.251256  -0.111496
172.462312  -0.111602
174.673367  -0.111716
176.884422  -0.111840
179.095477  -0.111972
181.306533  -0.112114
183.517588  -0.112260
185.728643  -0.112411
187.939698  -0.112572
190.150754  -0.112739
192.361809  -0.112914
194.572864  -0.113098
196.783920  -0.113290
198.994975  -0.113487
201.206030  -0.113688
203.417085  -0.113895
205.628141  -0.114109
207.839196  -0.114319
210.050251  -0.114534
212.261307  -0.114753
214.472362  -0.114978
216.683417  -0.115209
218.894472  -0.115443
221.105528  -0.115676
223.316583  -0.115912
225.527638  -0.116140
227.738693  -0.116370
229.949749  -0.116601
232.160804  -0.116837
234.371859  -0.117074
236.582915  -0.117306
238.793970  -0.117536
241.005025  -0.117754
243.216080  -0.117971
245.427136  -0.118191
247.638191  -0.118409
249.849246  -0.118622
252.060302  -0.118828
254.271357  -0.119019
256.482412  -0.119205
258.693467  -0.119393
260.904523  -0.119576
263.115578  -0.119751
265.326633  -0.119912
267.537688  -0.120060
269.748744  -0.120201
271.959799  -0.120343
274.170854  -0.120476
276.381910  -0.120596
278.592965  -0.120697
280.804020  -0.120788
283.015075  -0.120877
285.226131  -0.120959
287.437186  -0.121030
289.648241  -0.121079
291.859296  -0.121116
294.070352  -0.121147
296.281407  -0.121175
298.492462  -0.121192
300.703518  -0.121188
302.914573  -0.121169
305.125628  -0.121142
307.336683  -0.121113
309.547739  -0.121075
311.758794  -0.121021
313.969849  -0.120949
316.180905  -0.120867
318.391960  -0.120783
320.603015  -0.120694
322.814070  -0.120596
325.025126  -0.120478
327.236181  -0.120350
329.447236  -0.120216
331.658291  -0.120083
333.869347  -0.119944
336.080402  -0.119794
338.291457  -0.119631
340.502513  -0.119461
342.713568  -0.119288
344.924623  -0.119117
347.135678  -0.118942
349.346734  -0.118761
351.557789  -0.118570
353.768844  -0.118375
355.979899  -0.118177
358.190955  -0.117982
360.402010  -0.117790
362.613065  -0.117598
364.824121  -0.117398
367.035176  -0.117196
369.246231  -0.116995
371.457286  -0.116793
373.668342  -0.116595
375.879397  -0.116403
378.090452  -0.116214
380.301508  -0.116030
382.512563  -0.115841
384.723618  -0.115656
386.934673  -0.115475
389.145729  -0.115297
391.356784  -0.115124
393.567839  -0.114957
395.778894  -0.114797
397.989950  -0.114645
400.201005  -0.114498
402.412060  -0.114360
404.623116  -0.114227
406.834171  -0.114097
409.045226  -0.113974
411.256281  -0.113859
413.467337  -0.113751
415.678392  -0.113652
417.889447  -0.113560
420.100503  -0.113476
422.311558  -0.113401
424.522613  -0.113334
426.733668  -0.113276
428.944724  -0.113226
431.155779  -0.113186
433.366834  -0.113154
435.577889  -0.113131
437.788945  -0.113118
440.000000  -0.113113
