DataBase = TT1
ShotNo = sim1
SignalName = GBP8T
SignalUnit = NA
TriggerTime = 0.000000 ms
Period = 2.211055 ms
CreateTime = 2026/06/09 15:29:34
Samples = 200
0.000000  -0.105195
2.211055  -0.105624
4.422111  -0.106045
6.633166  -0.106462
8.844221  -0.106862
11.055276  -0.107259
13.266332  -0.107656
15.477387  -0.108045
17.688442  -0.108426
19.899497  -0.108791
22.110553  -0.109146
24.321608  -0.109499
26.532663  -0.109846
28.743719  -0.110182
30.954774  -0.110506
33.165829  -0.110812
35.376884  -0.111111
37.587940  -0.111407
39.798995  -0.111694
42.010050  -0.111970
44.221106  -0.112228
46.432161  -0.112473
48.643216  -0.112709
50.854271  -0.112942
53.065327  -0.113166
55.276382  -0.113378
57.487437  -0.113575
59.698492  -0.113755
61.909548  -0.113927
64.120603  -0.114096
66.331658  -0.114258
68.542714  -0.114410
70.753769  -0.114552
72.964824  -0.114678
75.175879  -0.114793
77.386935  -0.114899
79.597990  -0.115002
81.809045  -0.115101
84.020101  -0.115194
86.231156  -0.115278
88.442211  -0.115355
90.653266  -0.115420
92.864322  -0.115476
95.075377  -0.115526
97.286432  -0.115572
99.497487  -0.115614
101.708543  -0.115656
103.919598  -0.115694
106.130653  -0.115728
108.341709  -0.115757
110.552764  -0.115785
112.763819  -0.115806
114.974874  -0.115824
117.185930  -0.115836
119.396985  -0.115846
121.608040  -0.115854
123.819095  -0.115861
126.030151  -0.115866
128.241206  -0.115870
130.452261  -0.115873
132.663317  -0.115876
134.874372  -0.115878
137.085427  -0.115880
139.296482  -0.115881
141.507538  -0.115882
143.718593  -0.115883
145.929648  -0.115883
148.140704  -0.115883
150.351759  -0.115883
152.562814  -0.115882
154.773869  -0.115881
156.984925  -0.115879
159.195980  -0.115878
161.407035  -0.115875
163.618090  -0.115872
165.829146  -0.115869
168.040201  -0.115865
170.251256  -0.115859
172.462312  -0.115852
174.673367  -0.115843
176.884422  -0.115833
179.095477  -0.115818
181.306533  -0.115800
183.517588  -0.115776
185.728643  -0.115748
187.939698  -0.115717
190.150754  -0.115681
192.361809  -0.115642
194.572864  -0.115600
196.783920  -0.115557
198.994975  -0.115510
201.206030  -0.115457
203.417085  -0.115400
205.628141  -0.115331
207.839196  -0.115250
210.050251  -0.115163
212.261307  -0.115068
214.472362  -0.114968
216.683417  -0.114865
218.894472  -0.114755
221.105528  -0.114639
223.316583  -0.114506
225.527638  -0.114360
227.738693  -0.114205
229.949749  -0.114040
232.160804  -0.113871
234.371859  -0.113696
236.582915  -0.113512
238.793970  -0.113309
241.005025  -0.113093
243.216080  -0.112866
245.427136  -0.112630
247.638191  -0.112392
249.849246  -0.112146
252.060302  -0.111880
254.271357  -0.111600
256.482412  -0.111310
258.693467  -0.111011
260.904523  -0.110710
263.115578  -0.110401
265.326633  -0.110070
267.537688  -0.109731
269.748744  -0.109381
271.959799  -0.109028
274.170854  -0.108671
276.381910  -0.108299
278.592965  -0.107917
280.804020  -0.107525
283.015075  -0.107127
285.226131  -0.106729
287.437186  -0.106324
289.648241  -0.105906
291.859296  -0.105482
294.070352  -0.105051
296.281407  -0.104622
298.492462  -0.104193
300.703518  -0.103748
302.914573  -0.103303
305.125628  -0.102853
307.336683  -0.102404
309.547739  -0.101958
311.758794  -0.101503
313.969849  -0.101049
316.180905  -0.100593
318.391960  -0.100135
320.603015  -0.099683
322.814070  -0.099232
325.025126  -0.098777
327.236181  -0.098326
329.447236  -0.097874
331.658291  -0.097427
333.869347  -0.096988
336.080402  -0.096546
338.291457  -0.096111
340.502513  -0.095679
342.713568  -0.095249
344.924623  -0.094826
347.135678  -0.094412
349.346734  -0.093999
351.557789  -0.093594
353.768844  -0.093196
355.979899  -0.092802
358.190955  -0.092414
360.402010  -0.092036
362.613065  -0.091670
364.824121  -0.091303
367.035176  -0.090950
369.246231  -0.090605
371.457286  -0.090267
373.668342  -0.089934
375.879397  -0.089614
378.090452  -0.089304
380.301508  -0.089005
382.512563  -0.088709
384.723618  -0.088428
386.934673  -0.088158
389.145729  -0.087895
391.356784  -0.087643
393.567839  -0.087399
395.778894  -0.087166
397.989950  -0.086945
400.201005  -0.086735
402.412060  -0.086537
404.623116  -0.086350
406.834171  -0.086171
409.045226  -0.086002
411.256281  -0.085848
413.467337  -0.085705
415.678392  -0.085574
417.889447  -0.085452
420.100503  -0.085343
422.311558  -0.085244
424.522613  -0.085158
426.733668  -0.085082
428.944724  -0.085018
431.155779  -0.084965
433.366834  -0.084924
435.577889  -0.084894
437.788945  -0.084877
440.000000  -0.084871
