DataBase = TT1
ShotNo = sim1
SignalName = GBP9T
SignalUnit = NA
TriggerTime = 0.000000 ms
Period = 2.211055 ms
CreateTime = 2026/06/09 15:29:34
Samples = 200
0.000000  -0.075159
2.211055  -0.075733
4.422111  -0.076305
6.633166  -0.076890
8.844221  -0.077474
11.055276  -0.078066
13.266332  -0.078661
15.477387  -0.079251
17.688442  -0.079844
19.899497  -0.080443
22.110553  -0.081043
24.321608  -0.081647
26.532663  -0.082244
28.743719  -0.082836
30.954774  -0.083440
33.165829  -0.084036
35.376884  -0.084634
37.587940  -0.085231
39.798995  -0.085819
42.010050  -0.086402
44.221106  -0.086990
46.432161  -0.087569
48.643216  -0.088147
50.854271  -0.088719
53.065327  -0.089282
55.276382  -0.089836
57.487437  -0.090392
59.698492  -0.090934
61.909548  -0.091471
64.120603  -0.092006
66.331658  -0.092525
68.542714  -0.093033
70.753769  -0.093536
72.964824  -0.094029
75.175879  -0.094507
77.386935  -0.094977
79.597990  -0.095441
81.809045  -0.095890
84.020101  -0.096326
86.231156  -0.096747
88.442211  -0.097160
90.653266  -0.097560
92.864322  -0.097939
95.075377  -0.098309
97.286432  -0.098666
99.497487  -0.099012
101.708543  -0.099344
103.919598  -0.099657
106.130653  -0.099958
108.341709  -0.100242
110.552764  -0.100511
112.763819  -0.100766
114.974874  -0.101009
117.185930  -0.101230
119.396985  -0.101434
121.608040  -0.101622
123.819095  -0.101797
126.030151  -0.101956
128.241206  -0.102100
130.452261  -0.102227
132.663317  -0.102338
134.874372  -0.102433
137.085427  -0.102513
139.296482  -0.102576
141.507538  -0.102623
143.718593  -0.102653
145.929648  -0.102667
148.140704  -0.102664
150.351759  -0.102645
152.562814  -0.102609
154.773869  -0.102557
156.984925  -0.102488
159.195980  -0.102403
161.407035  -0.102302
163.618090  -0.102186
165.829146  -0.102054
168.040201  -0.101905
170.251256  -0.101741
172.462312  -0.101562
174.673367  -0.101368
176.884422  -0.101158
179.095477  -0.100930
181.306533  -0.100682
183.517588  -0.100423
185.728643  -0.100149
187.939698  -0.099859
190.150754  -0.099554
192.361809  -0.099235
194.572864  -0.098898
196.783920  -0.098549
198.994975  -0.098188
201.206030  -0.097814
203.417085  -0.097429
205.628141  -0.097022
207.839196  -0.096608
210.050251  -0.096181
212.261307  -0.095743
214.472362  -0.095288
216.683417  -0.094822
218.894472  -0.094347
221.105528  -0.093867
223.316583  -0.093367
225.527638  -0.092866
227.738693  -0.092352
229.949749  -0.091829
232.160804  -0.091293
234.371859  -0.090752
236.582915  -0.090210
238.793970  -0.089651
241.005025  -0.089096
243.216080  -0.088531
245.427136  -0.087954
247.638191  -0.087375
249.849246  -0.086796
252.060302  -0.086206
254.271357  -0.085624
256.482412  -0.085034
258.693467  -0.084434
260.904523  -0.083835
263.115578  -0.083241
265.326633  -0.082639
267.537688  -0.082045
269.748744  -0.081446
271.959799  -0.080842
274.170854  -0.080244
276.381910  -0.079642
278.592965  -0.079055
280.804020  -0.078464
283.015075  -0.077868
285.226131  -0.077279
287.437186  -0.076693
289.648241  -0.076115
291.859296  -0.075542
294.070352  -0.074966
296.281407  -0.074395
298.492462  -0.073833
300.703518  -0.073273
302.914573  -0.072727
305.125628  -0.072181
307.336683  -0.071636
309.547739  -0.071102
311.758794  -0.070570
313.969849  -0.070057
316.180905  -0.069546
318.391960  -0.069035
320.603015  -0.068534
322.814070  -0.068042
325.025126  -0.067559
327.236181  -0.067087
329.447236  -0.066619
331.658291  -0.066156
333.869347  -0.065704
336.080402  -0.065257
338.291457  -0.064829
340.502513  -0.064406
342.713568  -0.063988
344.924623  -0.063577
347.135678  -0.063177
349.346734  -0.062783
351.557789  -0.062405
353.768844  -0.062037
355.979899  -0.061675
358.190955  -0.061318
360.402010  -0.060971
362.613065  -0.060637
364.824121  -0.060307
367.035176  -0.059995
369.246231  -0.059690
371.457286  -0.059395
373.668342  -0.059103
375.879397  -0.058823
378.090452  -0.058552
380.301508  -0.058293
382.512563  -0.058039
384.723618  -0.057800
386.934673  -0.057572
389.145729  -0.057351
391.356784  -0.057140
393.567839  -0.056935
395.778894  -0.056740
397.989950  -0.056555
400.201005  -0.056379
402.412060  -0.056215
404.623116  -0.056059
406.834171  -0.055911
409.045226  -0.055773
411.256281  -0.055647
413.467337  -0.055532
415.678392  -0.055425
417.889447  -0.055327
420.100503  -0.055238
422.311558  -0.055158
424.522613  -0.055088
426.733668  -0.055028
428.944724  -0.054976
431.155779  -0.054933
433.366834  -0.054900
435.577889  -0.054876
437.788945  -0.054862
440.000000  -0.054857
