DataBase = TT1
ShotNo = sim1
SignalName = Ip
SignalUnit = A
TriggerTime = 0.000000 ms
Period = 2.211055 ms
CreateTime = 2026/06/09 15:29:34
Samples = 200
0.000000  100000.000000
2.211055  100000.000000
4.422111  100000.000000
6.633166  100000.000000
8.844221  100000.000000
11.055276  100000.000000
13.266332  100000.000000
15.477387  100000.000000
17.688442  100000.000000
19.899497  100000.000000
22.110553  100000.000000
24.321608  100000.000000
26.532663  100000.000000
28.743719  100000.000000
30.954774  100000.000000
33.165829  100000.000000
35.376884  100000.000000
37.587940  100000.000000
39.798995  100000.000000
42.010050  100000.000000
44.221106  100000.000000
46.432161  100000.000000
48.643216  100000.000000
50.854271  100000.000000
53.065327  100000.000000
55.276382  100000.000000
57.487437  100000.000000
59.698492  100000.000000
61.909548  100000.000000
64.120603  100000.000000
66.331658  100000.000000
68.542714  100000.000000
70.753769  100000.000000
72.964824  100000.000000
75.175879  100000.000000
77.386935  100000.000000
79.597990  100000.000000
81.809045  100000.000000
84.020101  100000.000000
86.231156  100000.000000
88.442211  100000.000000
90.653266  100000.000000
92.864322  100000.000000
95.075377  100000.000000
97.286432  100000.000000
99.497487  100000.000000
101.708543  100000.000000
103.919598  100000.000000
106.130653  100000.000000
108.341709  100000.000000
110.552764  100000.000000
112.763819  100000.000000
114.974874  100000.000000
117.185930  100000.000000
119.396985  100000.000000
121.608040  100000.000000
123.819095  100000.000000
126.030151  100000.000000
128.241206  100000.000000
130.452261  100000.000000
132.663317  100000.000000
134.874372  100000.000000
137.085427  100000.000000
139.296482  100000.000000
141.507538  100000.000000
143.718593  100000.000000
145.929648  100000.000000
148.140704  100000.000000
150.351759  100000.000000
152.562814  100000.000000
154.773869  100000.000000
156.984925  100000.000000
159.195980  100000.000000
161.407035  100000.000000
163.618090  100000.000000
165.829146  100000.000000
168.040201  100000.000000
170.251256  100000.000000
172.462312  100000.000000
174.673367  100000.000000
176.884422  100000.000000
179.095477  100000.000000
181.306533  100000.000000
183.517588  100000.000000
185.728643  100000.000000
187.939698  100000.000000
190.150754  100000.000000
192.361809  100000.000000
194.572864  100000.000000
196.783920  100000.000000
198.994975  100000.000000
201.206030  100000.000000
203.417085  100000.000000
205.628141  100000.000000
207.839196  100000.000000
210.050251  100000.000000
212.261307  100000.000000
214.472362  100000.000000
216.683417  100000.000000
218.894472  100000.000000
221.105528  100000.000000
223.316583  100000.000000
225.527638  100000.000000
227.738693  100000.000000
229.949749  100000.000000
232.160804  100000.000000
234.371859  100000.000000
236.582915  100000.000000
238.793970  100000.000000
241.005025  100000.000000
243.216080  100000.000000
245.427136  100000.000000
247.638191  100000.000000
249.849246  100000.000000
252.060302  100000.000000
254.271357  100000.000000
256.482412  100000.000000
258.693467  100000.000000
260.904523  100000.000000
263.115578  100000.000000
265.326633  100000.000000
267.537688  100000.000000
269.748744  100000.000000
271.959799  100000.000000
274.170854  100000.000000
276.381910  100000.000000
278.592965  100000.000000
280.804020  100000.000000
283.015075  100000.000000
285.226131  100000.000000
287.437186  100000.000000
289.648241  100000.000000
291.859296  100000.000000
294.070352  100000.000000
296.281407  100000.000000
298.492462  100000.000000
300.703518  100000.000000
302.914573  100000.000000
305.125628  100000.000000
307.336683  100000.000000
309.547739  100000.000000
311.758794  100000.000000
313.969849  100000.000000
316.180905  100000.000000
318.391960  100000.000000
320.603015  100000.000000
322.814070  100000.000000
325.025126  100000.000000
327.236181  100000.000000
329.447236  100000.000000
331.658291  100000.000000
333.869347  100000.000000
336.080402  100000.000000
338.291457  100000.000000
340.502513  100000.000000
342.713568  100000.000000
344.924623  100000.000000
347.135678  100000.000000
349.346734  100000.000000
351.557789  100000.000000
353.768844  100000.000000
355.979899  100000.000000
358.190955  100000.000000
360.402010  100000.000000
362.613065  100000.000000
364.824121  100000.000000
367.035176  100000.000000
369.246231  100000.000000
371.457286  100000.000000
373.668342  100000.000000
375.879397  100000.000000
378.090452  100000.000000
380.301508  100000.000000
382.512563  100000.000000
384.723618  100000.000000
386.934673  100000.000000
389.145729  100000.000000
391.356784  100000.000000
393.567839  100000.000000
395.778894  100000.000000
397.989950  100000.000000
400.201005  100000.000000
402.412060  100000.000000
404.623116  100000.000000
406.834171  100000.000000
409.045226  100000.000000
411.256281  100000.000000
413.467337  100000.000000
415.678392  100000.000000
417.889447  100000.000000
420.100503  100000.000000
422.311558  100000.000000
424.522613  100000.000000
426.733668  100000.000000
428.944724  100000.000000
431.155779  100000.000000
433.366834  100000.000000
435.577889  100000.000000
437.788945  100000.000000
440.000000  100000.000000
