DataBase = TT1
ShotNo = sim0
SignalName = flux_loop1
SignalUnit = NA
TriggerTime = 0.000000 ms
Period = 2.211055 ms
CreateTime = 2026/06/01 16:08:48
Samples = 200
0.000000  0.103705
2.211055  0.104797
4.422111  0.105883
6.633166  0.106990
8.844221  0.108076
11.055276  0.109173
13.266332  0.110267
15.477387  0.111348
17.688442  0.112444
19.899497  0.113513
22.110553  0.114583
24.321608  0.115650
26.532663  0.116688
28.743719  0.117738
30.954774  0.118759
33.165829  0.119764
35.376884  0.120771
37.587940  0.121742
39.798995  0.122699
42.010050  0.123651
44.221106  0.124563
46.432161  0.125458
48.643216  0.126345
50.854271  0.127191
53.065327  0.128014
55.276382  0.128826
57.487437  0.129601
59.698492  0.130342
61.909548  0.131063
64.120603  0.131765
66.331658  0.132424
68.542714  0.133052
70.753769  0.133653
72.964824  0.134232
75.175879  0.134777
77.386935  0.135279
79.597990  0.135753
81.809045  0.136194
84.020101  0.136610
86.231156  0.136994
88.442211  0.137342
90.653266  0.137654
92.864322  0.137928
95.075377  0.138172
97.286432  0.138383
99.497487  0.138558
101.708543  0.138701
103.919598  0.138811
106.130653  0.138888
108.341709  0.138931
110.552764  0.138939
112.763819  0.138914
114.974874  0.138854
117.185930  0.138760
119.396985  0.138633
121.608040  0.138474
123.819095  0.138282
126.030151  0.138054
128.241206  0.137796
130.452261  0.137503
132.663317  0.137173
134.874372  0.136806
137.085427  0.136405
139.296482  0.135976
141.507538  0.135520
143.718593  0.135033
145.929648  0.134509
148.140704  0.133947
150.351759  0.133354
152.562814  0.132742
154.773869  0.132101
156.984925  0.131418
159.195980  0.130704
161.407035  0.129975
163.618090  0.129219
165.829146  0.128422
168.040201  0.127604
170.251256  0.126773
172.462312  0.125906
174.673367  0.125010
176.884422  0.124109
179.095477  0.123179
181.306533  0.122219
183.517588  0.121260
185.728643  0.120270
187.939698  0.119261
190.150754  0.118255
192.361809  0.117213
194.572864  0.116171
196.783920  0.115122
198.994975  0.114044
201.206030  0.112979
203.417085  0.111896
205.628141  0.110807
207.839196  0.109726
210.050251  0.108620
212.261307  0.107532
214.472362  0.106436
216.683417  0.105339
218.894472  0.104256
221.105528  0.103156
223.316583  0.102082
225.527638  0.101002
227.738693  0.099932
229.949749  0.098878
232.160804  0.097816
234.371859  0.096784
236.582915  0.095752
238.793970  0.094735
241.005025  0.093742
243.216080  0.092744
245.427136  0.091779
247.638191  0.090826
249.849246  0.089880
252.060302  0.088973
254.271357  0.088066
256.482412  0.087184
258.693467  0.086334
260.904523  0.085486
263.115578  0.084670
265.326633  0.083883
267.537688  0.083102
269.748744  0.082351
271.959799  0.081634
274.170854  0.080930
276.381910  0.080246
278.592965  0.079600
280.804020  0.078979
283.015075  0.078370
285.226131  0.077791
287.437186  0.077248
289.648241  0.076732
291.859296  0.076231
294.070352  0.075756
296.281407  0.075315
298.492462  0.074905
300.703518  0.074523
302.914573  0.074162
305.125628  0.073825
307.336683  0.073517
309.547739  0.073240
311.758794  0.072995
313.969849  0.072778
316.180905  0.072588
318.391960  0.072427
320.603015  0.072294
322.814070  0.072188
325.025126  0.072109
327.236181  0.072059
329.447236  0.072038
331.658291  0.072045
333.869347  0.072081
336.080402  0.072145
338.291457  0.072237
340.502513  0.072357
342.713568  0.072503
344.924623  0.072679
347.135678  0.072884
349.346734  0.073114
351.557789  0.073375
353.768844  0.073667
355.979899  0.073990
358.190955  0.074339
360.402010  0.074710
362.613065  0.075107
364.824121  0.075531
367.035176  0.075989
369.246231  0.076479
371.457286  0.076986
373.668342  0.077517
375.879397  0.078076
378.090452  0.078673
380.301508  0.079287
382.512563  0.079919
384.723618  0.080583
386.934673  0.081281
389.145729  0.081990
391.356784  0.082721
393.567839  0.083492
395.778894  0.084272
397.989950  0.085072
400.201005  0.085910
402.412060  0.086756
404.623116  0.087620
406.834171  0.088520
409.045226  0.089425
411.256281  0.090348
413.467337  0.091305
415.678392  0.092257
417.889447  0.093241
420.100503  0.094236
422.311558  0.095238
424.522613  0.096271
426.733668  0.097299
428.944724  0.098345
431.155779  0.099405
433.366834  0.100461
435.577889  0.101546
437.788945  0.102618
440.000000  0.103705
