DataBase = TT1
ShotNo = sim0
SignalName = flux_loop3
SignalUnit = NA
TriggerTime = 0.000000 ms
Period = 2.211055 ms
CreateTime = 2026/06/01 16:08:48
Samples = 200
0.000000  0.056070
2.211055  0.055919
4.422111  0.055769
6.633166  0.055614
8.844221  0.055461
11.055276  0.055306
13.266332  0.055150
15.477387  0.054996
17.688442  0.054838
19.899497  0.054684
22.110553  0.054529
24.321608  0.054374
26.532663  0.054223
28.743719  0.054069
30.954774  0.053919
33.165829  0.053771
35.376884  0.053623
37.587940  0.053479
39.798995  0.053337
42.010050  0.053196
44.221106  0.053060
46.432161  0.052927
48.643216  0.052794
50.854271  0.052667
53.065327  0.052544
55.276382  0.052422
57.487437  0.052305
59.698492  0.052193
61.909548  0.052084
64.120603  0.051977
66.331658  0.051877
68.542714  0.051781
70.753769  0.051689
72.964824  0.051601
75.175879  0.051517
77.386935  0.051440
79.597990  0.051367
81.809045  0.051299
84.020101  0.051235
86.231156  0.051175
88.442211  0.051121
90.653266  0.051073
92.864322  0.051030
95.075377  0.050992
97.286432  0.050960
99.497487  0.050932
101.708543  0.050910
103.919598  0.050893
106.130653  0.050881
108.341709  0.050874
110.552764  0.050873
112.763819  0.050877
114.974874  0.050886
117.185930  0.050901
119.396985  0.050920
121.608040  0.050945
123.819095  0.050975
126.030151  0.051011
128.241206  0.051051
130.452261  0.051096
132.663317  0.051148
134.874372  0.051205
137.085427  0.051267
139.296482  0.051333
141.507538  0.051403
143.718593  0.051478
145.929648  0.051558
148.140704  0.051645
150.351759  0.051735
152.562814  0.051828
154.773869  0.051926
156.984925  0.052030
159.195980  0.052138
161.407035  0.052248
163.618090  0.052362
165.829146  0.052482
168.040201  0.052605
170.251256  0.052730
172.462312  0.052860
174.673367  0.052994
176.884422  0.053128
179.095477  0.053266
181.306533  0.053409
183.517588  0.053551
185.728643  0.053697
187.939698  0.053845
190.150754  0.053993
192.361809  0.054146
194.572864  0.054298
196.783920  0.054451
198.994975  0.054607
201.206030  0.054761
203.417085  0.054917
205.628141  0.055073
207.839196  0.055228
210.050251  0.055384
212.261307  0.055538
214.472362  0.055692
216.683417  0.055844
218.894472  0.055994
221.105528  0.056145
223.316583  0.056291
225.527638  0.056436
227.738693  0.056578
229.949749  0.056717
232.160804  0.056854
234.371859  0.056987
236.582915  0.057117
238.793970  0.057242
241.005025  0.057364
243.216080  0.057483
245.427136  0.057596
247.638191  0.057705
249.849246  0.057810
252.060302  0.057909
254.271357  0.058006
256.482412  0.058096
258.693467  0.058181
260.904523  0.058263
263.115578  0.058338
265.326633  0.058409
267.537688  0.058476
269.748744  0.058537
271.959799  0.058593
274.170854  0.058646
276.381910  0.058694
278.592965  0.058736
280.804020  0.058776
283.015075  0.058813
285.226131  0.058844
287.437186  0.058871
289.648241  0.058896
291.859296  0.058919
294.070352  0.058937
296.281407  0.058953
298.492462  0.058966
300.703518  0.058978
302.914573  0.058988
305.125628  0.058997
307.336683  0.059003
309.547739  0.059007
311.758794  0.059011
313.969849  0.059014
316.180905  0.059016
318.391960  0.059018
320.603015  0.059020
322.814070  0.059021
325.025126  0.059022
327.236181  0.059022
329.447236  0.059022
331.658291  0.059022
333.869347  0.059022
336.080402  0.059021
338.291457  0.059021
340.502513  0.059019
342.713568  0.059018
344.924623  0.059015
347.135678  0.059013
349.346734  0.059009
351.557789  0.059005
353.768844  0.059000
355.979899  0.058993
358.190955  0.058984
360.402010  0.058973
362.613065  0.058960
364.824121  0.058945
367.035176  0.058929
369.246231  0.058908
371.457286  0.058884
373.668342  0.058858
375.879397  0.058828
378.090452  0.058795
380.301508  0.058757
382.512563  0.058716
384.723618  0.058671
386.934673  0.058620
389.145729  0.058565
391.356784  0.058507
393.567839  0.058443
395.778894  0.058374
397.989950  0.058301
400.201005  0.058222
402.412060  0.058139
404.623116  0.058052
406.834171  0.057958
409.045226  0.057860
411.256281  0.057759
413.467337  0.057651
415.678392  0.057540
417.889447  0.057424
420.100503  0.057304
422.311558  0.057181
424.522613  0.057052
426.733668  0.056921
428.944724  0.056786
431.155779  0.056648
433.366834  0.056508
435.577889  0.056363
437.788945  0.056218
440.000000  0.056070
