DataBase = TT1
ShotNo = sim0
SignalName = flux_loop2
SignalUnit = NA
TriggerTime = 0.000000 ms
Period = 2.211055 ms
CreateTime = 2026/06/01 16:08:48
Samples = 200
0.000000  0.103397
2.211055  0.104478
4.422111  0.105552
6.633166  0.106647
8.844221  0.107721
11.055276  0.108805
13.266332  0.109886
15.477387  0.110954
17.688442  0.112036
19.899497  0.113092
22.110553  0.114148
24.321608  0.115200
26.532663  0.116224
28.743719  0.117259
30.954774  0.118265
33.165829  0.119255
35.376884  0.120246
37.587940  0.121202
39.798995  0.122143
42.010050  0.123080
44.221106  0.123977
46.432161  0.124857
48.643216  0.125728
50.854271  0.126559
53.065327  0.127366
55.276382  0.128163
57.487437  0.128924
59.698492  0.129651
61.909548  0.130358
64.120603  0.131045
66.331658  0.131692
68.542714  0.132306
70.753769  0.132895
72.964824  0.133462
75.175879  0.133995
77.386935  0.134486
79.597990  0.134949
81.809045  0.135381
84.020101  0.135787
86.231156  0.136163
88.442211  0.136503
90.653266  0.136808
92.864322  0.137076
95.075377  0.137314
97.286432  0.137520
99.497487  0.137691
101.708543  0.137830
103.919598  0.137938
106.130653  0.138013
108.341709  0.138055
110.552764  0.138063
112.763819  0.138038
114.974874  0.137980
117.185930  0.137888
119.396985  0.137764
121.608040  0.137609
123.819095  0.137421
126.030151  0.137199
128.241206  0.136946
130.452261  0.136660
132.663317  0.136338
134.874372  0.135980
137.085427  0.135588
139.296482  0.135168
141.507538  0.134722
143.718593  0.134245
145.929648  0.133733
148.140704  0.133182
150.351759  0.132602
152.562814  0.132002
154.773869  0.131375
156.984925  0.130706
159.195980  0.130006
161.407035  0.129290
163.618090  0.128550
165.829146  0.127767
168.040201  0.126964
170.251256  0.126148
172.462312  0.125296
174.673367  0.124416
176.884422  0.123531
179.095477  0.122615
181.306533  0.121671
183.517588  0.120728
185.728643  0.119753
187.939698  0.118759
190.150754  0.117768
192.361809  0.116741
194.572864  0.115713
196.783920  0.114679
198.994975  0.113616
201.206030  0.112565
203.417085  0.111495
205.628141  0.110420
207.839196  0.109352
210.050251  0.108259
212.261307  0.107184
214.472362  0.106099
216.683417  0.105015
218.894472  0.103943
221.105528  0.102854
223.316583  0.101790
225.527638  0.100721
227.738693  0.099661
229.949749  0.098617
232.160804  0.097564
234.371859  0.096541
236.582915  0.095518
238.793970  0.094510
241.005025  0.093524
243.216080  0.092534
245.427136  0.091576
247.638191  0.090631
249.849246  0.089692
252.060302  0.088790
254.271357  0.087890
256.482412  0.087014
258.693467  0.086170
260.904523  0.085327
263.115578  0.084516
265.326633  0.083734
267.537688  0.082958
269.748744  0.082211
271.959799  0.081498
274.170854  0.080798
276.381910  0.080118
278.592965  0.079475
280.804020  0.078857
283.015075  0.078252
285.226131  0.077675
287.437186  0.077136
289.648241  0.076621
291.859296  0.076123
294.070352  0.075650
296.281407  0.075211
298.492462  0.074803
300.703518  0.074423
302.914573  0.074064
305.125628  0.073729
307.336683  0.073422
309.547739  0.073146
311.758794  0.072902
313.969849  0.072686
316.180905  0.072497
318.391960  0.072336
320.603015  0.072204
322.814070  0.072099
325.025126  0.072020
327.236181  0.071970
329.447236  0.071949
331.658291  0.071956
333.869347  0.071992
336.080402  0.072056
338.291457  0.072148
340.502513  0.072267
342.713568  0.072412
344.924623  0.072588
347.135678  0.072791
349.346734  0.073020
351.557789  0.073281
353.768844  0.073572
355.979899  0.073893
358.190955  0.074241
360.402010  0.074609
362.613065  0.075005
364.824121  0.075426
367.035176  0.075883
369.246231  0.076370
371.457286  0.076875
373.668342  0.077403
375.879397  0.077959
378.090452  0.078553
380.301508  0.079164
382.512563  0.079793
384.723618  0.080453
386.934673  0.081148
389.145729  0.081852
391.356784  0.082579
393.567839  0.083345
395.778894  0.084121
397.989950  0.084915
400.201005  0.085748
402.412060  0.086589
404.623116  0.087447
406.834171  0.088341
409.045226  0.089239
411.256281  0.090156
413.467337  0.091106
415.678392  0.092051
417.889447  0.093027
420.100503  0.094015
422.311558  0.095008
424.522613  0.096033
426.733668  0.097052
428.944724  0.098088
431.155779  0.099139
433.366834  0.100185
435.577889  0.101260
437.788945  0.102322
440.000000  0.103397
