DataBase = TT1
ShotNo = sim0
SignalName = GBP10T
SignalUnit = NA
TriggerTime = 0.000000 ms
Period = 2.211055 ms
CreateTime = 2026/06/01 16:08:48
Samples = 200
0.000000  -0.050928
2.211055  -0.051048
4.422111  -0.051159
6.633166  -0.051259
8.844221  -0.051345
11.055276  -0.051423
13.266332  -0.051484
15.477387  -0.051537
17.688442  -0.051578
19.899497  -0.051606
22.110553  -0.051627
24.321608  -0.051634
26.532663  -0.051632
28.743719  -0.051622
30.954774  -0.051600
33.165829  -0.051572
35.376884  -0.051535
37.587940  -0.051489
39.798995  -0.051439
42.010050  -0.051380
44.221106  -0.051316
46.432161  -0.051249
48.643216  -0.051174
50.854271  -0.051096
53.065327  -0.051017
55.276382  -0.050934
57.487437  -0.050847
59.698492  -0.050761
61.909548  -0.050675
64.120603  -0.050585
66.331658  -0.050497
68.542714  -0.050411
70.753769  -0.050327
72.964824  -0.050243
75.175879  -0.050160
77.386935  -0.050081
79.597990  -0.050007
81.809045  -0.049936
84.020101  -0.049868
86.231156  -0.049804
88.442211  -0.049743
90.653266  -0.049689
92.864322  -0.049641
95.075377  -0.049597
97.286432  -0.049560
99.497487  -0.049528
101.708543  -0.049502
103.919598  -0.049482
106.130653  -0.049468
108.341709  -0.049460
110.552764  -0.049459
112.763819  -0.049464
114.974874  -0.049474
117.185930  -0.049492
119.396985  -0.049514
121.608040  -0.049543
123.819095  -0.049578
126.030151  -0.049618
128.241206  -0.049664
130.452261  -0.049716
132.663317  -0.049773
134.874372  -0.049836
137.085427  -0.049901
139.296482  -0.049971
141.507538  -0.050043
143.718593  -0.050120
145.929648  -0.050201
148.140704  -0.050285
150.351759  -0.050369
152.562814  -0.050454
154.773869  -0.050541
156.984925  -0.050631
159.195980  -0.050718
161.407035  -0.050804
163.618090  -0.050890
165.829146  -0.050976
168.040201  -0.051057
170.251256  -0.051135
172.462312  -0.051213
174.673367  -0.051283
176.884422  -0.051348
179.095477  -0.051411
181.306533  -0.051465
183.517588  -0.051513
185.728643  -0.051556
187.939698  -0.051587
190.150754  -0.051612
192.361809  -0.051629
194.572864  -0.051634
196.783920  -0.051632
198.994975  -0.051618
201.206030  -0.051593
203.417085  -0.051560
205.628141  -0.051511
207.839196  -0.051455
210.050251  -0.051385
212.261307  -0.051303
214.472362  -0.051212
216.683417  -0.051105
218.894472  -0.050990
221.105528  -0.050860
223.316583  -0.050721
225.527638  -0.050572
227.738693  -0.050407
229.949749  -0.050237
232.160804  -0.050052
234.371859  -0.049860
236.582915  -0.049660
238.793970  -0.049447
241.005025  -0.049231
243.216080  -0.049003
245.427136  -0.048770
247.638191  -0.048534
249.849246  -0.048286
252.060302  -0.048040
254.271357  -0.047788
256.482412  -0.047529
258.693467  -0.047274
260.904523  -0.047013
263.115578  -0.046751
265.326633  -0.046494
267.537688  -0.046233
269.748744  -0.045973
271.959799  -0.045720
274.170854  -0.045468
276.381910  -0.045216
278.592965  -0.044972
280.804020  -0.044736
283.015075  -0.044502
285.226131  -0.044272
287.437186  -0.044054
289.648241  -0.043845
291.859296  -0.043640
294.070352  -0.043442
296.281407  -0.043256
298.492462  -0.043081
300.703518  -0.042918
302.914573  -0.042762
305.125628  -0.042616
307.336683  -0.042480
309.547739  -0.042357
311.758794  -0.042248
313.969849  -0.042150
316.180905  -0.042065
318.391960  -0.041992
320.603015  -0.041932
322.814070  -0.041884
325.025126  -0.041849
327.236181  -0.041826
329.447236  -0.041816
331.658291  -0.041819
333.869347  -0.041836
336.080402  -0.041865
338.291457  -0.041907
340.502513  -0.041961
342.713568  -0.042027
344.924623  -0.042106
347.135678  -0.042198
349.346734  -0.042301
351.557789  -0.042417
353.768844  -0.042547
355.979899  -0.042688
358.190955  -0.042839
360.402010  -0.042998
362.613065  -0.043168
364.824121  -0.043348
367.035176  -0.043541
369.246231  -0.043742
371.457286  -0.043949
373.668342  -0.044162
375.879397  -0.044385
378.090452  -0.044619
380.301508  -0.044854
382.512563  -0.045093
384.723618  -0.045341
386.934673  -0.045594
389.145729  -0.045845
391.356784  -0.046102
393.567839  -0.046364
395.778894  -0.046622
397.989950  -0.046881
400.201005  -0.047145
402.412060  -0.047401
404.623116  -0.047657
406.834171  -0.047915
409.045226  -0.048163
411.256281  -0.048411
413.467337  -0.048654
415.678392  -0.048887
417.889447  -0.049120
420.100503  -0.049340
422.311558  -0.049554
424.522613  -0.049762
426.733668  -0.049957
428.944724  -0.050147
431.155779  -0.050323
433.366834  -0.050490
435.577889  -0.050648
437.788945  -0.050792
440.000000  -0.050928
