DataBase = TT1
ShotNo = sim0
SignalName = GBP2T
SignalUnit = NA
TriggerTime = 0.000000 ms
Period = 2.211055 ms
CreateTime = 2026/06/01 16:08:48
Samples = 200
0.000000  -0.030331
2.211055  -0.030836
4.422111  -0.031342
6.633166  -0.031865
8.844221  -0.032384
11.055276  -0.032913
13.266332  -0.033450
15.477387  -0.033984
17.688442  -0.034534
19.899497  -0.035077
22.110553  -0.035624
24.321608  -0.036180
26.532663  -0.036725
28.743719  -0.037283
30.954774  -0.037834
33.165829  -0.038381
35.376884  -0.038936
37.587940  -0.039478
39.798995  -0.040015
42.010050  -0.040559
44.221106  -0.041086
46.432161  -0.041605
48.643216  -0.042128
50.854271  -0.042632
53.065327  -0.043125
55.276382  -0.043617
57.487437  -0.044094
59.698492  -0.044552
61.909548  -0.045000
64.120603  -0.045441
66.331658  -0.045861
68.542714  -0.046262
70.753769  -0.046648
72.964824  -0.047022
75.175879  -0.047379
77.386935  -0.047710
79.597990  -0.048023
81.809045  -0.048316
84.020101  -0.048592
86.231156  -0.048849
88.442211  -0.049085
90.653266  -0.049296
92.864322  -0.049483
95.075377  -0.049649
97.286432  -0.049794
99.497487  -0.049914
101.708543  -0.050011
103.919598  -0.050087
106.130653  -0.050139
108.341709  -0.050169
110.552764  -0.050175
112.763819  -0.050157
114.974874  -0.050116
117.185930  -0.050052
119.396985  -0.049965
121.608040  -0.049856
123.819095  -0.049724
126.030151  -0.049569
128.241206  -0.049393
130.452261  -0.049194
132.663317  -0.048970
134.874372  -0.048723
137.085427  -0.048456
139.296482  -0.048171
141.507538  -0.047869
143.718593  -0.047548
145.929648  -0.047204
148.140704  -0.046837
150.351759  -0.046456
152.562814  -0.046063
154.773869  -0.045655
156.984925  -0.045222
159.195980  -0.044776
161.407035  -0.044324
163.618090  -0.043859
165.829146  -0.043371
168.040201  -0.042879
170.251256  -0.042383
172.462312  -0.041867
174.673367  -0.041344
176.884422  -0.040823
179.095477  -0.040288
181.306533  -0.039745
183.517588  -0.039208
185.728643  -0.038657
187.939698  -0.038107
190.150754  -0.037561
192.361809  -0.037003
194.572864  -0.036453
196.783920  -0.035904
198.994975  -0.035348
201.206030  -0.034805
203.417085  -0.034257
205.628141  -0.033717
207.839196  -0.033184
210.050251  -0.032646
212.261307  -0.032124
214.472362  -0.031601
216.683417  -0.031088
218.894472  -0.030585
221.105528  -0.030081
223.316583  -0.029594
225.527638  -0.029109
227.738693  -0.028635
229.949749  -0.028173
232.160804  -0.027712
234.371859  -0.027270
236.582915  -0.026831
238.793970  -0.026405
241.005025  -0.025992
243.216080  -0.025580
245.427136  -0.025188
247.638191  -0.024802
249.849246  -0.024424
252.060302  -0.024065
254.271357  -0.023708
256.482412  -0.023365
258.693467  -0.023037
260.904523  -0.022712
263.115578  -0.022402
265.326633  -0.022106
267.537688  -0.021813
269.748744  -0.021534
271.959799  -0.021270
274.170854  -0.021012
276.381910  -0.020763
278.592965  -0.020530
280.804020  -0.020307
283.015075  -0.020089
285.226131  -0.019883
287.437186  -0.019692
289.648241  -0.019510
291.859296  -0.019335
294.070352  -0.019169
296.281407  -0.019017
298.492462  -0.018875
300.703518  -0.018744
302.914573  -0.018620
305.125628  -0.018504
307.336683  -0.018400
309.547739  -0.018305
311.758794  -0.018222
313.969849  -0.018149
316.180905  -0.018085
318.391960  -0.018031
320.603015  -0.017986
322.814070  -0.017950
325.025126  -0.017924
327.236181  -0.017907
329.447236  -0.017900
331.658291  -0.017902
333.869347  -0.017914
336.080402  -0.017936
338.291457  -0.017967
340.502513  -0.018007
342.713568  -0.018056
344.924623  -0.018116
347.135678  -0.018185
349.346734  -0.018263
351.557789  -0.018351
353.768844  -0.018451
355.979899  -0.018561
358.190955  -0.018681
360.402010  -0.018808
362.613065  -0.018945
364.824121  -0.019091
367.035176  -0.019250
369.246231  -0.019422
371.457286  -0.019600
373.668342  -0.019787
375.879397  -0.019985
378.090452  -0.020197
380.301508  -0.020418
382.512563  -0.020645
384.723618  -0.020886
386.934673  -0.021141
389.145729  -0.021401
391.356784  -0.021672
393.567839  -0.021959
395.778894  -0.022252
397.989950  -0.022554
400.201005  -0.022874
402.412060  -0.023200
404.623116  -0.023534
406.834171  -0.023886
409.045226  -0.024244
411.256281  -0.024610
413.467337  -0.024996
415.678392  -0.025382
417.889447  -0.025784
420.100503  -0.026197
422.311558  -0.026615
424.522613  -0.027052
426.733668  -0.027490
428.944724  -0.027940
431.155779  -0.028404
433.366834  -0.028869
435.577889  -0.029353
437.788945  -0.029836
440.000000  -0.030331
