DataBase = TT1
ShotNo = sim0
SignalName = GBP4T
SignalUnit = NA
TriggerTime = 0.000000 ms
Period = 2.211055 ms
CreateTime = 2026/06/01 16:08:48
Samples = 200
0.000000  -0.051939
2.211055  -0.052135
4.422111  -0.052320
6.633166  -0.052495
8.844221  -0.052654
11.055276  -0.052805
13.266332  -0.052938
15.477387  -0.053061
17.688442  -0.053172
19.899497  -0.053267
22.110553  -0.053355
24.321608  -0.053426
26.532663  -0.053486
28.743719  -0.053538
30.954774  -0.053574
33.165829  -0.053603
35.376884  -0.053621
37.587940  -0.053627
39.798995  -0.053628
42.010050  -0.053618
44.221106  -0.053599
46.432161  -0.053576
48.643216  -0.053544
50.854271  -0.053506
53.065327  -0.053464
55.276382  -0.053417
57.487437  -0.053364
59.698492  -0.053310
61.909548  -0.053253
64.120603  -0.053193
66.331658  -0.053130
68.542714  -0.053069
70.753769  -0.053007
72.964824  -0.052945
75.175879  -0.052881
77.386935  -0.052820
79.597990  -0.052762
81.809045  -0.052706
84.020101  -0.052653
86.231156  -0.052601
88.442211  -0.052552
90.653266  -0.052507
92.864322  -0.052467
95.075377  -0.052431
97.286432  -0.052400
99.497487  -0.052374
101.708543  -0.052353
103.919598  -0.052336
106.130653  -0.052324
108.341709  -0.052318
110.552764  -0.052316
112.763819  -0.052320
114.974874  -0.052329
117.185930  -0.052344
119.396985  -0.052363
121.608040  -0.052387
123.819095  -0.052415
126.030151  -0.052449
128.241206  -0.052487
130.452261  -0.052529
132.663317  -0.052576
134.874372  -0.052627
137.085427  -0.052679
139.296482  -0.052734
141.507538  -0.052791
143.718593  -0.052850
145.929648  -0.052912
148.140704  -0.052976
150.351759  -0.053038
152.562814  -0.053099
154.773869  -0.053161
156.984925  -0.053224
159.195980  -0.053282
161.407035  -0.053337
163.618090  -0.053391
165.829146  -0.053442
168.040201  -0.053486
170.251256  -0.053525
172.462312  -0.053562
174.673367  -0.053589
176.884422  -0.053609
179.095477  -0.053625
181.306533  -0.053629
183.517588  -0.053625
185.728643  -0.053615
187.939698  -0.053589
190.150754  -0.053557
192.361809  -0.053514
194.572864  -0.053457
196.783920  -0.053392
198.994975  -0.053312
201.206030  -0.053221
203.417085  -0.053120
205.628141  -0.053001
207.839196  -0.052873
210.050251  -0.052730
212.261307  -0.052576
214.472362  -0.052411
216.683417  -0.052229
218.894472  -0.052039
221.105528  -0.051833
223.316583  -0.051618
225.527638  -0.051393
227.738693  -0.051153
229.949749  -0.050908
232.160804  -0.050648
234.371859  -0.050382
236.582915  -0.050109
238.793970  -0.049824
241.005025  -0.049537
243.216080  -0.049238
245.427136  -0.048937
247.638191  -0.048634
249.849246  -0.048320
252.060302  -0.048011
254.271357  -0.047696
256.482412  -0.047377
258.693467  -0.047064
260.904523  -0.046746
263.115578  -0.046430
265.326633  -0.046121
267.537688  -0.045810
269.748744  -0.045501
271.959799  -0.045203
274.170854  -0.044906
276.381910  -0.044612
278.592965  -0.044330
280.804020  -0.044056
283.015075  -0.043785
285.226131  -0.043522
287.437186  -0.043272
289.648241  -0.043034
291.859296  -0.042801
294.070352  -0.042576
296.281407  -0.042366
298.492462  -0.042169
300.703518  -0.041985
302.914573  -0.041810
305.125628  -0.041646
307.336683  -0.041495
309.547739  -0.041358
311.758794  -0.041236
313.969849  -0.041127
316.180905  -0.041032
318.391960  -0.040952
320.603015  -0.040885
322.814070  -0.040832
325.025126  -0.040792
327.236181  -0.040767
329.447236  -0.040756
331.658291  -0.040760
333.869347  -0.040778
336.080402  -0.040810
338.291457  -0.040857
340.502513  -0.040917
342.713568  -0.040990
344.924623  -0.041078
347.135678  -0.041180
349.346734  -0.041295
351.557789  -0.041425
353.768844  -0.041569
355.979899  -0.041727
358.190955  -0.041896
360.402010  -0.042075
362.613065  -0.042267
364.824121  -0.042469
367.035176  -0.042687
369.246231  -0.042916
371.457286  -0.043152
373.668342  -0.043396
375.879397  -0.043652
378.090452  -0.043920
380.301508  -0.044192
382.512563  -0.044470
384.723618  -0.044758
386.934673  -0.045055
389.145729  -0.045351
391.356784  -0.045654
393.567839  -0.045966
395.778894  -0.046274
397.989950  -0.046587
400.201005  -0.046906
402.412060  -0.047220
404.623116  -0.047535
406.834171  -0.047854
409.045226  -0.048165
411.256281  -0.048477
413.467337  -0.048787
415.678392  -0.049087
417.889447  -0.049390
420.100503  -0.049681
422.311558  -0.049966
424.522613  -0.050248
426.733668  -0.050516
428.944724  -0.050780
431.155779  -0.051032
433.366834  -0.051273
435.577889  -0.051508
437.788945  -0.051727
440.000000  -0.051939
