DataBase = TT1
ShotNo = sim0
SignalName = GBP7T
SignalUnit = NA
TriggerTime = 0.000000 ms
Period = 2.211055 ms
CreateTime = 2026/06/01 16:08:48
Samples = 200
0.000000  -0.121137
2.211055  -0.120244
4.422111  -0.119371
6.633166  -0.118498
8.844221  -0.117660
11.055276  -0.116826
13.266332  -0.116016
15.477387  -0.115226
17.688442  -0.114440
19.899497  -0.113688
22.110553  -0.112945
24.321608  -0.112220
26.532663  -0.111524
28.743719  -0.110829
30.954774  -0.110168
33.165829  -0.109522
35.376884  -0.108884
37.587940  -0.108280
39.798995  -0.107689
42.010050  -0.107108
44.221106  -0.106560
46.432161  -0.106026
48.643216  -0.105503
50.854271  -0.105010
53.065327  -0.104534
55.276382  -0.104067
57.487437  -0.103626
59.698492  -0.103208
61.909548  -0.102803
64.120603  -0.102412
66.331658  -0.102047
68.542714  -0.101702
70.753769  -0.101373
72.964824  -0.101056
75.175879  -0.100761
77.386935  -0.100490
79.597990  -0.100235
81.809045  -0.099998
84.020101  -0.099775
86.231156  -0.099570
88.442211  -0.099385
90.653266  -0.099219
92.864322  -0.099074
95.075377  -0.098945
97.286432  -0.098834
99.497487  -0.098742
101.708543  -0.098666
103.919598  -0.098608
106.130653  -0.098567
108.341709  -0.098545
110.552764  -0.098540
112.763819  -0.098554
114.974874  -0.098585
117.185930  -0.098635
119.396985  -0.098702
121.608040  -0.098786
123.819095  -0.098887
126.030151  -0.099008
128.241206  -0.099144
130.452261  -0.099299
132.663317  -0.099475
134.874372  -0.099670
137.085427  -0.099885
139.296482  -0.100116
141.507538  -0.100360
143.718593  -0.100623
145.929648  -0.100906
148.140704  -0.101212
150.351759  -0.101537
152.562814  -0.101873
154.773869  -0.102225
156.984925  -0.102604
159.195980  -0.103005
161.407035  -0.103415
163.618090  -0.103842
165.829146  -0.104298
168.040201  -0.104770
170.251256  -0.105253
172.462312  -0.105761
174.673367  -0.106293
176.884422  -0.106832
179.095477  -0.107395
181.306533  -0.107985
183.517588  -0.108579
185.728643  -0.109199
187.939698  -0.109844
190.150754  -0.110493
192.361809  -0.111175
194.572864  -0.111870
196.783920  -0.112577
198.994975  -0.113318
201.206030  -0.114062
203.417085  -0.114829
205.628141  -0.115620
207.839196  -0.116415
210.050251  -0.117245
212.261307  -0.118078
214.472362  -0.118930
216.683417  -0.119806
218.894472  -0.120684
221.105528  -0.121597
223.316583  -0.122508
225.527638  -0.123439
227.738693  -0.124389
229.949749  -0.125339
232.160804  -0.126323
234.371859  -0.127299
236.582915  -0.128293
238.793970  -0.129304
241.005025  -0.130307
243.216080  -0.131342
245.427136  -0.132367
247.638191  -0.133396
249.849246  -0.134451
252.060302  -0.135481
254.271357  -0.136532
256.482412  -0.137587
258.693467  -0.138618
260.904523  -0.139673
263.115578  -0.140719
265.326633  -0.141739
267.537688  -0.142776
269.748744  -0.143804
271.959799  -0.144798
274.170854  -0.145793
276.381910  -0.146789
278.592965  -0.147746
280.804020  -0.148676
283.015075  -0.149608
285.226131  -0.150520
287.437186  -0.151387
289.648241  -0.152216
291.859296  -0.153039
294.070352  -0.153838
296.281407  -0.154590
298.492462  -0.155297
300.703518  -0.155958
302.914573  -0.156595
305.125628  -0.157195
307.336683  -0.157757
309.547739  -0.158266
311.758794  -0.158720
313.969849  -0.159125
316.180905  -0.159480
318.391960  -0.159780
320.603015  -0.160030
322.814070  -0.160229
325.025126  -0.160380
327.236181  -0.160476
329.447236  -0.160517
331.658291  -0.160504
333.869347  -0.160435
336.080402  -0.160312
338.291457  -0.160135
340.502513  -0.159911
342.713568  -0.159637
344.924623  -0.159309
347.135678  -0.158927
349.346734  -0.158500
351.557789  -0.158018
353.768844  -0.157482
355.979899  -0.156900
358.190955  -0.156281
360.402010  -0.155633
362.613065  -0.154947
364.824121  -0.154221
367.035176  -0.153442
369.246231  -0.152631
371.457286  -0.151805
373.668342  -0.150955
375.879397  -0.150070
378.090452  -0.149142
380.301508  -0.148211
382.512563  -0.147271
384.723618  -0.146295
386.934673  -0.145294
389.145729  -0.144305
391.356784  -0.143296
393.567839  -0.142256
395.778894  -0.141233
397.989950  -0.140202
400.201005  -0.139143
402.412060  -0.138106
404.623116  -0.137065
406.834171  -0.136003
409.045226  -0.134967
411.256281  -0.133926
413.467337  -0.132875
415.678392  -0.131857
417.889447  -0.130820
420.100503  -0.129805
422.311558  -0.128803
424.522613  -0.127790
426.733668  -0.126810
428.944724  -0.125828
431.155779  -0.124862
433.366834  -0.123918
435.577889  -0.122967
437.788945  -0.122051
440.000000  -0.121137
