DataBase = TT1
ShotNo = sim0
SignalName = flux_loop4
SignalUnit = NA
TriggerTime = 0.000000 ms
Period = 2.211055 ms
CreateTime = 2026/06/01 16:09:54
Samples = 200
0.000000  0.044767
2.211055  0.044493
4.422111  0.044224
6.633166  0.043954
8.844221  0.043695
11.055276  0.043436
13.266332  0.043183
15.477387  0.042937
17.688442  0.042690
19.899497  0.042454
22.110553  0.042220
24.321608  0.041990
26.532663  0.041770
28.743719  0.041549
30.954774  0.041338
33.165829  0.041132
35.376884  0.040928
37.587940  0.040734
39.798995  0.040545
42.010050  0.040358
44.221106  0.040181
46.432161  0.040008
48.643216  0.039839
50.854271  0.039679
53.065327  0.039524
55.276382  0.039372
57.487437  0.039228
59.698492  0.039092
61.909548  0.038959
64.120603  0.038831
66.331658  0.038712
68.542714  0.038598
70.753769  0.038490
72.964824  0.038386
75.175879  0.038288
77.386935  0.038199
79.597990  0.038115
81.809045  0.038037
84.020101  0.037963
86.231156  0.037895
88.442211  0.037834
90.653266  0.037779
92.864322  0.037731
95.075377  0.037688
97.286432  0.037651
99.497487  0.037620
101.708543  0.037595
103.919598  0.037576
106.130653  0.037562
108.341709  0.037555
110.552764  0.037553
112.763819  0.037558
114.974874  0.037568
117.185930  0.037585
119.396985  0.037607
121.608040  0.037635
123.819095  0.037669
126.030151  0.037709
128.241206  0.037754
130.452261  0.037805
132.663317  0.037863
134.874372  0.037928
137.085427  0.037999
139.296482  0.038075
141.507538  0.038156
143.718593  0.038243
145.929648  0.038336
148.140704  0.038437
150.351759  0.038544
152.562814  0.038654
154.773869  0.038770
156.984925  0.038894
159.195980  0.039025
161.407035  0.039159
163.618090  0.039299
165.829146  0.039447
168.040201  0.039601
170.251256  0.039758
172.462312  0.039922
174.673367  0.040095
176.884422  0.040269
179.095477  0.040450
181.306533  0.040640
183.517588  0.040831
185.728643  0.041029
187.939698  0.041235
190.150754  0.041442
192.361809  0.041659
194.572864  0.041880
196.783920  0.042103
198.994975  0.042337
201.206030  0.042571
203.417085  0.042812
205.628141  0.043060
207.839196  0.043308
210.050251  0.043566
212.261307  0.043824
214.472362  0.044088
216.683417  0.044358
218.894472  0.044628
221.105528  0.044908
223.316583  0.045185
225.527638  0.045469
227.738693  0.045757
229.949749  0.046044
232.160804  0.046340
234.371859  0.046632
236.582915  0.046930
238.793970  0.047230
241.005025  0.047528
243.216080  0.047834
245.427136  0.048135
247.638191  0.048437
249.849246  0.048745
252.060302  0.049045
254.271357  0.049349
256.482412  0.049653
258.693467  0.049950
260.904523  0.050252
263.115578  0.050550
265.326633  0.050840
267.537688  0.051133
269.748744  0.051423
271.959799  0.051702
274.170854  0.051980
276.381910  0.052257
278.592965  0.052523
280.804020  0.052780
283.015075  0.053037
285.226131  0.053287
287.437186  0.053524
289.648241  0.053751
291.859296  0.053974
294.070352  0.054191
296.281407  0.054394
298.492462  0.054584
300.703518  0.054762
302.914573  0.054933
305.125628  0.055093
307.336683  0.055243
309.547739  0.055378
311.758794  0.055499
313.969849  0.055606
316.180905  0.055701
318.391960  0.055780
320.603015  0.055847
322.814070  0.055899
325.025126  0.055939
327.236181  0.055964
329.447236  0.055975
331.658291  0.055972
333.869347  0.055954
336.080402  0.055921
338.291457  0.055875
340.502513  0.055815
342.713568  0.055742
344.924623  0.055655
347.135678  0.055554
349.346734  0.055441
351.557789  0.055312
353.768844  0.055170
355.979899  0.055014
358.190955  0.054849
360.402010  0.054675
362.613065  0.054490
364.824121  0.054294
367.035176  0.054083
369.246231  0.053864
371.457286  0.053639
373.668342  0.053406
375.879397  0.053164
378.090452  0.052909
380.301508  0.052652
382.512563  0.052391
384.723618  0.052120
386.934673  0.051841
389.145729  0.051563
391.356784  0.051279
393.567839  0.050986
395.778894  0.050696
397.989950  0.050403
400.201005  0.050100
402.412060  0.049803
404.623116  0.049503
406.834171  0.049196
409.045226  0.048895
411.256281  0.048592
413.467337  0.048284
415.678392  0.047985
417.889447  0.047680
420.100503  0.047379
422.311558  0.047081
424.522613  0.046779
426.733668  0.046486
428.944724  0.046191
431.155779  0.045900
433.366834  0.045614
435.577889  0.045325
437.788945  0.045046
440.000000  0.044767
