DataBase = TT1
ShotNo = sim0
SignalName = flux_loop5
SignalUnit = NA
TriggerTime = 0.000000 ms
Period = 2.211055 ms
CreateTime = 2026/06/01 16:09:54
Samples = 200
0.000000  0.055898
2.211055  0.055745
4.422111  0.055591
6.633166  0.055434
8.844221  0.055278
11.055276  0.055120
13.266332  0.054962
15.477387  0.054805
17.688442  0.054645
19.899497  0.054489
22.110553  0.054332
24.321608  0.054175
26.532663  0.054021
28.743719  0.053866
30.954774  0.053714
33.165829  0.053565
35.376884  0.053414
37.587940  0.053269
39.798995  0.053126
42.010050  0.052983
44.221106  0.052846
46.432161  0.052712
48.643216  0.052578
50.854271  0.052450
53.065327  0.052325
55.276382  0.052202
57.487437  0.052084
59.698492  0.051972
61.909548  0.051862
64.120603  0.051754
66.331658  0.051653
68.542714  0.051557
70.753769  0.051465
72.964824  0.051375
75.175879  0.051291
77.386935  0.051214
79.597990  0.051140
81.809045  0.051072
84.020101  0.051007
86.231156  0.050948
88.442211  0.050893
90.653266  0.050844
92.864322  0.050802
95.075377  0.050763
97.286432  0.050730
99.497487  0.050703
101.708543  0.050681
103.919598  0.050663
106.130653  0.050651
108.341709  0.050645
110.552764  0.050643
112.763819  0.050647
114.974874  0.050657
117.185930  0.050671
119.396985  0.050691
121.608040  0.050716
123.819095  0.050746
126.030151  0.050782
128.241206  0.050822
130.452261  0.050868
132.663317  0.050920
134.874372  0.050977
137.085427  0.051039
139.296482  0.051106
141.507538  0.051176
143.718593  0.051252
145.929648  0.051333
148.140704  0.051420
150.351759  0.051511
152.562814  0.051605
154.773869  0.051703
156.984925  0.051807
159.195980  0.051916
161.407035  0.052027
163.618090  0.052142
165.829146  0.052263
168.040201  0.052387
170.251256  0.052513
172.462312  0.052644
174.673367  0.052779
176.884422  0.052915
179.095477  0.053054
181.306533  0.053198
183.517588  0.053341
185.728643  0.053489
187.939698  0.053639
190.150754  0.053789
192.361809  0.053944
194.572864  0.054098
196.783920  0.054252
198.994975  0.054411
201.206030  0.054567
203.417085  0.054725
205.628141  0.054884
207.839196  0.055041
210.050251  0.055200
212.261307  0.055356
214.472362  0.055513
216.683417  0.055668
218.894472  0.055821
221.105528  0.055974
223.316583  0.056124
225.527638  0.056272
227.738693  0.056418
229.949749  0.056560
232.160804  0.056701
234.371859  0.056837
236.582915  0.056971
238.793970  0.057100
241.005025  0.057225
243.216080  0.057348
245.427136  0.057465
247.638191  0.057578
249.849246  0.057688
252.060302  0.057791
254.271357  0.057891
256.482412  0.057985
258.693467  0.058075
260.904523  0.058161
263.115578  0.058240
265.326633  0.058315
267.537688  0.058386
269.748744  0.058451
271.959799  0.058512
274.170854  0.058569
276.381910  0.058620
278.592965  0.058667
280.804020  0.058710
283.015075  0.058751
285.226131  0.058785
287.437186  0.058816
289.648241  0.058845
291.859296  0.058870
294.070352  0.058892
296.281407  0.058910
298.492462  0.058927
300.703518  0.058941
302.914573  0.058954
305.125628  0.058965
307.336683  0.058973
309.547739  0.058979
311.758794  0.058985
313.969849  0.058989
316.180905  0.058993
318.391960  0.058996
320.603015  0.058999
322.814070  0.059001
325.025126  0.059002
327.236181  0.059002
329.447236  0.059003
331.658291  0.059003
333.869347  0.059002
336.080402  0.059001
338.291457  0.059000
340.502513  0.058998
342.713568  0.058995
344.924623  0.058991
347.135678  0.058987
349.346734  0.058982
351.557789  0.058976
353.768844  0.058969
355.979899  0.058960
358.190955  0.058948
360.402010  0.058934
362.613065  0.058919
364.824121  0.058902
367.035176  0.058882
369.246231  0.058858
371.457286  0.058831
373.668342  0.058801
375.879397  0.058768
378.090452  0.058731
380.301508  0.058689
382.512563  0.058644
384.723618  0.058595
386.934673  0.058541
389.145729  0.058482
391.356784  0.058419
393.567839  0.058351
395.778894  0.058278
397.989950  0.058201
400.201005  0.058118
402.412060  0.058031
404.623116  0.057939
406.834171  0.057841
409.045226  0.057739
411.256281  0.057634
413.467337  0.057522
415.678392  0.057407
417.889447  0.057288
420.100503  0.057163
422.311558  0.057036
424.522613  0.056903
426.733668  0.056769
428.944724  0.056631
431.155779  0.056489
433.366834  0.056346
435.577889  0.056198
437.788945  0.056049
440.000000  0.055898
