DataBase = TT1
ShotNo = sim0
SignalName = GBP12T
SignalUnit = NA
TriggerTime = 0.000000 ms
Period = 2.211055 ms
CreateTime = 2026/06/01 16:09:54
Samples = 200
0.000000  -0.029778
2.211055  -0.030234
4.422111  -0.030689
6.633166  -0.031158
8.844221  -0.031622
11.055276  -0.032092
13.266332  -0.032567
15.477387  -0.033038
17.688442  -0.033520
19.899497  -0.033994
22.110553  -0.034471
24.321608  -0.034950
26.532663  -0.035420
28.743719  -0.035898
30.954774  -0.036366
33.165829  -0.036830
35.376884  -0.037297
37.587940  -0.037751
39.798995  -0.038199
42.010050  -0.038649
44.221106  -0.039082
46.432161  -0.039508
48.643216  -0.039933
50.854271  -0.040340
53.065327  -0.040737
55.276382  -0.041130
57.487437  -0.041508
59.698492  -0.041870
61.909548  -0.042222
64.120603  -0.042566
66.331658  -0.042891
68.542714  -0.043200
70.753769  -0.043497
72.964824  -0.043782
75.175879  -0.044052
77.386935  -0.044301
79.597990  -0.044536
81.809045  -0.044756
84.020101  -0.044961
86.231156  -0.045152
88.442211  -0.045325
90.653266  -0.045480
92.864322  -0.045616
95.075377  -0.045737
97.286432  -0.045842
99.497487  -0.045930
101.708543  -0.046001
103.919598  -0.046056
106.130653  -0.046094
108.341709  -0.046115
110.552764  -0.046119
112.763819  -0.046106
114.974874  -0.046077
117.185930  -0.046030
119.396985  -0.045967
121.608040  -0.045888
123.819095  -0.045792
126.030151  -0.045678
128.241206  -0.045550
130.452261  -0.045405
132.663317  -0.045240
134.874372  -0.045058
137.085427  -0.044860
139.296482  -0.044648
141.507538  -0.044421
143.718593  -0.044179
145.929648  -0.043919
148.140704  -0.043641
150.351759  -0.043350
152.562814  -0.043047
154.773869  -0.042731
156.984925  -0.042396
159.195980  -0.042047
161.407035  -0.041690
163.618090  -0.041322
165.829146  -0.040935
168.040201  -0.040540
170.251256  -0.040139
172.462312  -0.039722
174.673367  -0.039295
176.884422  -0.038866
179.095477  -0.038425
181.306533  -0.037974
183.517588  -0.037525
185.728643  -0.037064
187.939698  -0.036598
190.150754  -0.036135
192.361809  -0.035658
194.572864  -0.035186
196.783920  -0.034713
198.994975  -0.034231
201.206030  -0.033757
203.417085  -0.033278
205.628141  -0.032802
207.839196  -0.032332
210.050251  -0.031855
212.261307  -0.031389
214.472362  -0.030922
216.683417  -0.030461
218.894472  -0.030007
221.105528  -0.029551
223.316583  -0.029108
225.527638  -0.028666
227.738693  -0.028233
229.949749  -0.027809
232.160804  -0.027385
234.371859  -0.026976
236.582915  -0.026570
238.793970  -0.026174
241.005025  -0.025789
243.216080  -0.025405
245.427136  -0.025037
247.638191  -0.024675
249.849246  -0.024320
252.060302  -0.023981
254.271357  -0.023644
256.482412  -0.023319
258.693467  -0.023008
260.904523  -0.022699
263.115578  -0.022404
265.326633  -0.022121
267.537688  -0.021842
269.748744  -0.021575
271.959799  -0.021322
274.170854  -0.021074
276.381910  -0.020835
278.592965  -0.020611
280.804020  -0.020396
283.015075  -0.020186
285.226131  -0.019987
287.437186  -0.019802
289.648241  -0.019626
291.859296  -0.019456
294.070352  -0.019296
296.281407  -0.019148
298.492462  -0.019011
300.703518  -0.018883
302.914573  -0.018762
305.125628  -0.018650
307.336683  -0.018548
309.547739  -0.018457
311.758794  -0.018376
313.969849  -0.018305
316.180905  -0.018242
318.391960  -0.018189
320.603015  -0.018145
322.814070  -0.018110
325.025126  -0.018085
327.236181  -0.018068
329.447236  -0.018061
331.658291  -0.018064
333.869347  -0.018075
336.080402  -0.018096
338.291457  -0.018127
340.502513  -0.018166
342.713568  -0.018214
344.924623  -0.018272
347.135678  -0.018339
349.346734  -0.018415
351.557789  -0.018501
353.768844  -0.018598
355.979899  -0.018705
358.190955  -0.018822
360.402010  -0.018945
362.613065  -0.019079
364.824121  -0.019220
367.035176  -0.019375
369.246231  -0.019540
371.457286  -0.019713
373.668342  -0.019894
375.879397  -0.020085
378.090452  -0.020290
380.301508  -0.020502
382.512563  -0.020722
384.723618  -0.020953
386.934673  -0.021198
389.145729  -0.021447
391.356784  -0.021706
393.567839  -0.021981
395.778894  -0.022261
397.989950  -0.022549
400.201005  -0.022853
402.412060  -0.023162
404.623116  -0.023479
406.834171  -0.023812
409.045226  -0.024149
411.256281  -0.024495
413.467337  -0.024857
415.678392  -0.025219
417.889447  -0.025595
420.100503  -0.025980
422.311558  -0.026369
424.522613  -0.026774
426.733668  -0.027180
428.944724  -0.027595
431.155779  -0.028021
433.366834  -0.028447
435.577889  -0.028889
437.788945  -0.029329
440.000000  -0.029778
