DataBase = TT1
ShotNo = sim0
SignalName = GBP1T
SignalUnit = NA
TriggerTime = 0.000000 ms
Period = 2.211055 ms
CreateTime = 2026/06/01 16:09:54
Samples = 200
0.000000  -0.027879
2.211055  -0.028395
4.422111  -0.028914
6.633166  -0.029456
8.844221  -0.029996
11.055276  -0.030550
13.266332  -0.031117
15.477387  -0.031686
17.688442  -0.032275
19.899497  -0.032862
22.110553  -0.033458
24.321608  -0.034069
26.532663  -0.034672
28.743719  -0.035298
30.954774  -0.035920
33.165829  -0.036541
35.376884  -0.037181
37.587940  -0.037810
39.798995  -0.038440
42.010050  -0.039086
44.221106  -0.039716
46.432161  -0.040344
48.643216  -0.040986
50.854271  -0.041609
53.065327  -0.042223
55.276382  -0.042846
57.487437  -0.043456
59.698492  -0.044045
61.909548  -0.044630
64.120603  -0.045215
66.331658  -0.045775
68.542714  -0.046313
70.753769  -0.046838
72.964824  -0.047355
75.175879  -0.047853
77.386935  -0.048317
79.597990  -0.048757
81.809045  -0.049173
84.020101  -0.049571
86.231156  -0.049947
88.442211  -0.050294
90.653266  -0.050605
92.864322  -0.050881
95.075377  -0.051129
97.286432  -0.051342
99.497487  -0.051520
101.708543  -0.051666
103.919598  -0.051780
106.130653  -0.051861
108.341709  -0.051905
110.552764  -0.051914
112.763819  -0.051887
114.974874  -0.051825
117.185930  -0.051727
119.396985  -0.051597
121.608040  -0.051434
123.819095  -0.051240
126.030151  -0.051009
128.241206  -0.050747
130.452261  -0.050454
132.663317  -0.050125
134.874372  -0.049761
137.085427  -0.049375
139.296482  -0.048966
141.507538  -0.048541
143.718593  -0.048089
145.929648  -0.047608
148.140704  -0.047098
150.351759  -0.046575
152.562814  -0.046048
154.773869  -0.045500
156.984925  -0.044923
159.195980  -0.044337
161.407035  -0.043754
163.618090  -0.043155
165.829146  -0.042533
168.040201  -0.041915
170.251256  -0.041300
172.462312  -0.040664
174.673367  -0.040027
176.884422  -0.039401
179.095477  -0.038763
181.306533  -0.038121
183.517588  -0.037496
185.728643  -0.036859
187.939698  -0.036228
190.150754  -0.035611
192.361809  -0.034982
194.572864  -0.034371
196.783920  -0.033765
198.994975  -0.033156
201.206030  -0.032568
203.417085  -0.031978
205.628141  -0.031400
207.839196  -0.030836
210.050251  -0.030269
212.261307  -0.029725
214.472362  -0.029182
216.683417  -0.028653
218.894472  -0.028138
221.105528  -0.027624
223.316583  -0.027132
225.527638  -0.026643
227.738693  -0.026169
229.949749  -0.025709
232.160804  -0.025252
234.371859  -0.024816
236.582915  -0.024384
238.793970  -0.023968
241.005025  -0.023565
243.216080  -0.023166
245.427136  -0.022787
247.638191  -0.022415
249.849246  -0.022052
252.060302  -0.021708
254.271357  -0.021368
256.482412  -0.021042
258.693467  -0.020731
260.904523  -0.020423
263.115578  -0.020131
265.326633  -0.019852
267.537688  -0.019577
269.748744  -0.019316
271.959799  -0.019069
274.170854  -0.018827
276.381910  -0.018595
278.592965  -0.018379
280.804020  -0.018171
283.015075  -0.017969
285.226131  -0.017778
287.437186  -0.017601
289.648241  -0.017433
291.859296  -0.017271
294.070352  -0.017119
296.281407  -0.016978
298.492462  -0.016848
300.703518  -0.016727
302.914573  -0.016613
305.125628  -0.016507
307.336683  -0.016411
309.547739  -0.016324
311.758794  -0.016248
313.969849  -0.016181
316.180905  -0.016123
318.391960  -0.016073
320.603015  -0.016032
322.814070  -0.015999
325.025126  -0.015975
327.236181  -0.015960
329.447236  -0.015953
331.658291  -0.015955
333.869347  -0.015966
336.080402  -0.015986
338.291457  -0.016014
340.502513  -0.016051
342.713568  -0.016096
344.924623  -0.016151
347.135678  -0.016214
349.346734  -0.016285
351.557789  -0.016367
353.768844  -0.016458
355.979899  -0.016559
358.190955  -0.016669
360.402010  -0.016786
362.613065  -0.016912
364.824121  -0.017047
367.035176  -0.017193
369.246231  -0.017351
371.457286  -0.017516
373.668342  -0.017689
375.879397  -0.017872
378.090452  -0.018069
380.301508  -0.018274
382.512563  -0.018485
384.723618  -0.018709
386.934673  -0.018948
389.145729  -0.019191
391.356784  -0.019444
393.567839  -0.019714
395.778894  -0.019990
397.989950  -0.020274
400.201005  -0.020576
402.412060  -0.020885
404.623116  -0.021202
406.834171  -0.021538
409.045226  -0.021879
411.256281  -0.022231
413.467337  -0.022602
415.678392  -0.022974
417.889447  -0.023363
420.100503  -0.023765
422.311558  -0.024173
424.522613  -0.024601
426.733668  -0.025033
428.944724  -0.025478
431.155779  -0.025938
433.366834  -0.026403
435.577889  -0.026889
437.788945  -0.027377
440.000000  -0.027879
