DataBase = TT1
ShotNo = sim0
SignalName = GBP11T
SignalUnit = NA
TriggerTime = 0.000000 ms
Period = 2.211055 ms
CreateTime = 2026/06/01 16:09:54
Samples = 200
0.000000  -0.036769
2.211055  -0.037108
4.422111  -0.037440
6.633166  -0.037772
8.844221  -0.038091
11.055276  -0.038409
13.266332  -0.038715
15.477387  -0.039014
17.688442  -0.039308
19.899497  -0.039588
22.110553  -0.039863
24.321608  -0.040126
26.532663  -0.040377
28.743719  -0.040622
30.954774  -0.040851
33.165829  -0.041072
35.376884  -0.041284
37.587940  -0.041480
39.798995  -0.041669
42.010050  -0.041846
44.221106  -0.042009
46.432161  -0.042164
48.643216  -0.042308
50.854271  -0.042438
53.065327  -0.042561
55.276382  -0.042676
57.487437  -0.042777
59.698492  -0.042869
61.909548  -0.042956
64.120603  -0.043032
66.331658  -0.043099
68.542714  -0.043159
70.753769  -0.043214
72.964824  -0.043263
75.175879  -0.043303
77.386935  -0.043338
79.597990  -0.043368
81.809045  -0.043396
84.020101  -0.043420
86.231156  -0.043438
88.442211  -0.043453
90.653266  -0.043465
92.864322  -0.043475
95.075377  -0.043483
97.286432  -0.043490
99.497487  -0.043495
101.708543  -0.043499
103.919598  -0.043502
106.130653  -0.043504
108.341709  -0.043505
110.552764  -0.043505
112.763819  -0.043505
114.974874  -0.043503
117.185930  -0.043501
119.396985  -0.043497
121.608040  -0.043492
123.819095  -0.043486
126.030151  -0.043479
128.241206  -0.043470
130.452261  -0.043459
132.663317  -0.043446
134.874372  -0.043430
137.085427  -0.043408
139.296482  -0.043382
141.507538  -0.043353
143.718593  -0.043321
145.929648  -0.043284
148.140704  -0.043240
150.351759  -0.043187
152.562814  -0.043130
154.773869  -0.043067
156.984925  -0.042996
159.195980  -0.042913
161.407035  -0.042824
163.618090  -0.042727
165.829146  -0.042621
168.040201  -0.042501
170.251256  -0.042375
172.462312  -0.042238
174.673367  -0.042087
176.884422  -0.041928
179.095477  -0.041760
181.306533  -0.041575
183.517588  -0.041384
185.728643  -0.041181
187.939698  -0.040963
190.150754  -0.040739
192.361809  -0.040501
194.572864  -0.040252
196.783920  -0.039996
198.994975  -0.039726
201.206030  -0.039449
203.417085  -0.039163
205.628141  -0.038865
207.839196  -0.038564
210.050251  -0.038249
212.261307  -0.037932
214.472362  -0.037607
216.683417  -0.037274
218.894472  -0.036940
221.105528  -0.036596
223.316583  -0.036252
225.527638  -0.035904
227.738693  -0.035552
229.949749  -0.035201
232.160804  -0.034843
234.371859  -0.034491
236.582915  -0.034136
238.793970  -0.033781
241.005025  -0.033431
243.216080  -0.033077
245.427136  -0.032731
247.638191  -0.032387
249.849246  -0.032043
252.060302  -0.031710
254.271357  -0.031376
256.482412  -0.031049
258.693467  -0.030732
260.904523  -0.030414
263.115578  -0.030106
265.326633  -0.029809
267.537688  -0.029513
269.748744  -0.029226
271.959799  -0.028952
274.170854  -0.028682
276.381910  -0.028419
278.592965  -0.028169
280.804020  -0.027929
283.015075  -0.027694
285.226131  -0.027469
287.437186  -0.027258
289.648241  -0.027057
291.859296  -0.026862
294.070352  -0.026676
296.281407  -0.026504
298.492462  -0.026344
300.703518  -0.026194
302.914573  -0.026053
305.125628  -0.025921
307.336683  -0.025800
309.547739  -0.025691
311.758794  -0.025595
313.969849  -0.025510
316.180905  -0.025435
318.391960  -0.025372
320.603015  -0.025319
322.814070  -0.025278
325.025126  -0.025247
327.236181  -0.025227
329.447236  -0.025219
331.658291  -0.025221
333.869347  -0.025236
336.080402  -0.025261
338.291457  -0.025297
340.502513  -0.025344
342.713568  -0.025402
344.924623  -0.025471
347.135678  -0.025551
349.346734  -0.025642
351.557789  -0.025744
353.768844  -0.025859
355.979899  -0.025985
358.190955  -0.026122
360.402010  -0.026267
362.613065  -0.026423
364.824121  -0.026588
367.035176  -0.026768
369.246231  -0.026958
371.457286  -0.027156
373.668342  -0.027363
375.879397  -0.027580
378.090452  -0.027811
380.301508  -0.028049
382.512563  -0.028293
384.723618  -0.028549
386.934673  -0.028817
389.145729  -0.029088
391.356784  -0.029367
393.567839  -0.029660
395.778894  -0.029956
397.989950  -0.030258
400.201005  -0.030573
402.412060  -0.030889
404.623116  -0.031211
406.834171  -0.031544
409.045226  -0.031876
411.256281  -0.032213
413.467337  -0.032560
415.678392  -0.032903
417.889447  -0.033254
420.100503  -0.033605
422.311558  -0.033957
424.522613  -0.034315
426.733668  -0.034667
428.944724  -0.035023
431.155779  -0.035377
433.366834  -0.035727
435.577889  -0.036080
437.788945  -0.036424
440.000000  -0.036769
