DataBase = TT1
ShotNo = sim0
SignalName = GBP3T
SignalUnit = NA
TriggerTime = 0.000000 ms
Period = 2.211055 ms
CreateTime = 2026/06/01 16:09:54
Samples = 200
0.000000  -0.037741
2.211055  -0.038147
4.422111  -0.038548
6.633166  -0.038951
8.844221  -0.039342
11.055276  -0.039733
13.266332  -0.040115
15.477387  -0.040489
17.688442  -0.040861
19.899497  -0.041218
22.110553  -0.041572
24.321608  -0.041914
26.532663  -0.042244
28.743719  -0.042569
30.954774  -0.042878
33.165829  -0.043178
35.376884  -0.043469
37.587940  -0.043744
39.798995  -0.044009
42.010050  -0.044264
44.221106  -0.044502
46.432161  -0.044732
48.643216  -0.044950
50.854271  -0.045151
53.065327  -0.045344
55.276382  -0.045527
57.487437  -0.045694
59.698492  -0.045849
61.909548  -0.045997
64.120603  -0.046134
66.331658  -0.046257
68.542714  -0.046371
70.753769  -0.046477
72.964824  -0.046576
75.175879  -0.046662
77.386935  -0.046740
79.597990  -0.046812
81.809045  -0.046877
84.020101  -0.046936
86.231156  -0.046988
88.442211  -0.047032
90.653266  -0.047070
92.864322  -0.047104
95.075377  -0.047132
97.286432  -0.047157
99.497487  -0.047177
101.708543  -0.047194
103.919598  -0.047206
106.130653  -0.047214
108.341709  -0.047219
110.552764  -0.047220
112.763819  -0.047217
114.974874  -0.047211
117.185930  -0.047200
119.396985  -0.047186
121.608040  -0.047168
123.819095  -0.047145
126.030151  -0.047118
128.241206  -0.047088
130.452261  -0.047052
132.663317  -0.047010
134.874372  -0.046963
137.085427  -0.046907
139.296482  -0.046845
141.507538  -0.046777
143.718593  -0.046702
145.929648  -0.046620
148.140704  -0.046529
150.351759  -0.046425
152.562814  -0.046315
154.773869  -0.046197
156.984925  -0.046068
159.195980  -0.045924
161.407035  -0.045772
163.618090  -0.045612
165.829146  -0.045437
168.040201  -0.045249
170.251256  -0.045052
172.462312  -0.044844
174.673367  -0.044618
176.884422  -0.044385
179.095477  -0.044139
181.306533  -0.043877
183.517588  -0.043608
185.728643  -0.043326
187.939698  -0.043029
190.150754  -0.042726
192.361809  -0.042408
194.572864  -0.042080
196.783920  -0.041745
198.994975  -0.041394
201.206030  -0.041041
203.417085  -0.040677
205.628141  -0.040303
207.839196  -0.039926
210.050251  -0.039537
212.261307  -0.039147
214.472362  -0.038750
216.683417  -0.038348
218.894472  -0.037946
221.105528  -0.037534
223.316583  -0.037127
225.527638  -0.036716
227.738693  -0.036303
229.949749  -0.035894
232.160804  -0.035479
234.371859  -0.035072
236.582915  -0.034664
238.793970  -0.034259
241.005025  -0.033861
243.216080  -0.033460
245.427136  -0.033070
247.638191  -0.032684
249.849246  -0.032299
252.060302  -0.031928
254.271357  -0.031558
256.482412  -0.031196
258.693467  -0.030846
260.904523  -0.030497
263.115578  -0.030160
265.326633  -0.029834
267.537688  -0.029512
269.748744  -0.029200
271.959799  -0.028903
274.170854  -0.028611
276.381910  -0.028327
278.592965  -0.028059
280.804020  -0.027801
283.015075  -0.027549
285.226131  -0.027308
287.437186  -0.027083
289.648241  -0.026868
291.859296  -0.026660
294.070352  -0.026463
296.281407  -0.026280
298.492462  -0.026110
300.703518  -0.025952
302.914573  -0.025802
305.125628  -0.025663
307.336683  -0.025535
309.547739  -0.025421
311.758794  -0.025319
313.969849  -0.025229
316.180905  -0.025151
318.391960  -0.025084
320.603015  -0.025029
322.814070  -0.024985
325.025126  -0.024953
327.236181  -0.024932
329.447236  -0.024923
331.658291  -0.024926
333.869347  -0.024941
336.080402  -0.024967
338.291457  -0.025006
340.502513  -0.025055
342.713568  -0.025116
344.924623  -0.025188
347.135678  -0.025273
349.346734  -0.025368
351.557789  -0.025477
353.768844  -0.025597
355.979899  -0.025731
358.190955  -0.025876
360.402010  -0.026029
362.613065  -0.026194
364.824121  -0.026370
367.035176  -0.026560
369.246231  -0.026763
371.457286  -0.026974
373.668342  -0.027194
375.879397  -0.027427
378.090452  -0.027674
380.301508  -0.027929
382.512563  -0.028192
384.723618  -0.028467
386.934673  -0.028757
389.145729  -0.029050
391.356784  -0.029354
393.567839  -0.029673
395.778894  -0.029995
397.989950  -0.030326
400.201005  -0.030671
402.412060  -0.031019
404.623116  -0.031374
406.834171  -0.031743
409.045226  -0.032113
411.256281  -0.032490
413.467337  -0.032878
415.678392  -0.033264
417.889447  -0.033660
420.100503  -0.034059
422.311558  -0.034460
424.522613  -0.034870
426.733668  -0.035276
428.944724  -0.035686
431.155779  -0.036099
433.366834  -0.036508
435.577889  -0.036923
437.788945  -0.037331
440.000000  -0.037741
