DataBase = TT1
ShotNo = sim0
SignalName = GBP5T
SignalUnit = NA
TriggerTime = 0.000000 ms
Period = 2.211055 ms
CreateTime = 2026/06/01 16:09:54
Samples = 200
0.000000  -0.075267
2.211055  -0.075112
4.422111  -0.074951
6.633166  -0.074777
8.844221  -0.074597
11.055276  -0.074409
13.266332  -0.074211
15.477387  -0.074010
17.688442  -0.073800
19.899497  -0.073586
22.110553  -0.073369
24.321608  -0.073144
26.532663  -0.072921
28.743719  -0.072691
30.954774  -0.072460
33.165829  -0.072231
35.376884  -0.071997
37.587940  -0.071766
39.798995  -0.071536
42.010050  -0.071304
44.221106  -0.071077
46.432161  -0.070854
48.643216  -0.070629
50.854271  -0.070411
53.065327  -0.070198
55.276382  -0.069986
57.487437  -0.069781
59.698492  -0.069583
61.909548  -0.069390
64.120603  -0.069199
66.331658  -0.069019
68.542714  -0.068847
70.753769  -0.068680
72.964824  -0.068520
75.175879  -0.068367
77.386935  -0.068225
79.597990  -0.068091
81.809045  -0.067966
84.020101  -0.067847
86.231156  -0.067737
88.442211  -0.067637
90.653266  -0.067546
92.864322  -0.067467
95.075377  -0.067396
97.286432  -0.067335
99.497487  -0.067284
101.708543  -0.067242
103.919598  -0.067210
106.130653  -0.067187
108.341709  -0.067175
110.552764  -0.067172
112.763819  -0.067180
114.974874  -0.067197
117.185930  -0.067225
119.396985  -0.067262
121.608040  -0.067308
123.819095  -0.067364
126.030151  -0.067430
128.241206  -0.067505
130.452261  -0.067590
132.663317  -0.067685
134.874372  -0.067791
137.085427  -0.067906
139.296482  -0.068028
141.507538  -0.068157
143.718593  -0.068295
145.929648  -0.068442
148.140704  -0.068599
150.351759  -0.068763
152.562814  -0.068932
154.773869  -0.069108
156.984925  -0.069294
159.195980  -0.069486
161.407035  -0.069681
163.618090  -0.069882
165.829146  -0.070092
168.040201  -0.070305
170.251256  -0.070519
172.462312  -0.070741
174.673367  -0.070966
176.884422  -0.071190
179.095477  -0.071420
181.306533  -0.071652
183.517588  -0.071881
185.728643  -0.072114
187.939698  -0.072346
190.150754  -0.072575
192.361809  -0.072807
194.572864  -0.073032
196.783920  -0.073256
198.994975  -0.073479
201.206030  -0.073693
203.417085  -0.073907
205.628141  -0.074111
207.839196  -0.074310
210.050251  -0.074504
212.261307  -0.074688
214.472362  -0.074866
216.683417  -0.075032
218.894472  -0.075190
221.105528  -0.075339
223.316583  -0.075475
225.527638  -0.075604
227.738693  -0.075717
229.949749  -0.075820
232.160804  -0.075912
234.371859  -0.075989
236.582915  -0.076057
238.793970  -0.076107
241.005025  -0.076148
243.216080  -0.076175
245.427136  -0.076188
247.638191  -0.076192
249.849246  -0.076178
252.060302  -0.076155
254.271357  -0.076123
256.482412  -0.076072
258.693467  -0.076016
260.904523  -0.075949
263.115578  -0.075868
265.326633  -0.075782
267.537688  -0.075688
269.748744  -0.075580
271.959799  -0.075471
274.170854  -0.075356
276.381910  -0.075231
278.592965  -0.075104
280.804020  -0.074976
283.015075  -0.074845
285.226131  -0.074707
287.437186  -0.074572
289.648241  -0.074440
291.859296  -0.074308
294.070352  -0.074173
296.281407  -0.074043
298.492462  -0.073918
300.703518  -0.073801
302.914573  -0.073687
305.125628  -0.073578
307.336683  -0.073473
309.547739  -0.073376
311.758794  -0.073290
313.969849  -0.073212
316.180905  -0.073143
318.391960  -0.073085
320.603015  -0.073036
322.814070  -0.072997
325.025126  -0.072968
327.236181  -0.072949
329.447236  -0.072941
331.658291  -0.072944
333.869347  -0.072957
336.080402  -0.072981
338.291457  -0.073015
340.502513  -0.073059
342.713568  -0.073113
344.924623  -0.073176
347.135678  -0.073250
349.346734  -0.073332
351.557789  -0.073423
353.768844  -0.073525
355.979899  -0.073632
358.190955  -0.073743
360.402010  -0.073859
362.613065  -0.073980
364.824121  -0.074107
367.035176  -0.074241
369.246231  -0.074374
371.457286  -0.074506
373.668342  -0.074639
375.879397  -0.074775
378.090452  -0.074911
380.301508  -0.075041
382.512563  -0.075167
384.723618  -0.075294
386.934673  -0.075414
389.145729  -0.075525
391.356784  -0.075634
393.567839  -0.075736
395.778894  -0.075825
397.989950  -0.075908
400.201005  -0.075984
402.412060  -0.076045
404.623116  -0.076098
406.834171  -0.076140
409.045226  -0.076168
411.256281  -0.076187
413.467337  -0.076191
415.678392  -0.076183
417.889447  -0.076165
420.100503  -0.076129
422.311558  -0.076083
424.522613  -0.076024
426.733668  -0.075951
428.944724  -0.075869
431.155779  -0.075770
433.366834  -0.075662
435.577889  -0.075541
437.788945  -0.075408
440.000000  -0.075267
