DataBase = TT1
ShotNo = sim0
SignalName = GBP6T
SignalUnit = NA
TriggerTime = 0.000000 ms
Period = 2.211055 ms
CreateTime = 2026/06/01 16:09:54
Samples = 200
0.000000  -0.104849
2.211055  -0.104231
4.422111  -0.103621
6.633166  -0.103007
8.844221  -0.102410
11.055276  -0.101812
13.266332  -0.101226
15.477387  -0.100650
17.688442  -0.100073
19.899497  -0.099515
22.110553  -0.098962
24.321608  -0.098418
26.532663  -0.097892
28.743719  -0.097364
30.954774  -0.096857
33.165829  -0.096361
35.376884  -0.095869
37.587940  -0.095398
39.798995  -0.094937
42.010050  -0.094483
44.221106  -0.094050
46.432161  -0.093628
48.643216  -0.093213
50.854271  -0.092820
53.065327  -0.092439
55.276382  -0.092065
57.487437  -0.091710
59.698492  -0.091372
61.909548  -0.091044
64.120603  -0.090727
66.331658  -0.090430
68.542714  -0.090148
70.753769  -0.089879
72.964824  -0.089620
75.175879  -0.089378
77.386935  -0.089155
79.597990  -0.088945
81.809045  -0.088749
84.020101  -0.088565
86.231156  -0.088395
88.442211  -0.088242
90.653266  -0.088105
92.864322  -0.087984
95.075377  -0.087877
97.286432  -0.087784
99.497487  -0.087708
101.708543  -0.087645
103.919598  -0.087597
106.130653  -0.087563
108.341709  -0.087544
110.552764  -0.087540
112.763819  -0.087552
114.974874  -0.087578
117.185930  -0.087619
119.396985  -0.087675
121.608040  -0.087744
123.819095  -0.087829
126.030151  -0.087929
128.241206  -0.088042
130.452261  -0.088171
132.663317  -0.088317
134.874372  -0.088478
137.085427  -0.088656
139.296482  -0.088846
141.507538  -0.089048
143.718593  -0.089264
145.929648  -0.089497
148.140704  -0.089748
150.351759  -0.090013
152.562814  -0.090288
154.773869  -0.090575
156.984925  -0.090883
159.195980  -0.091208
161.407035  -0.091540
163.618090  -0.091884
165.829146  -0.092250
168.040201  -0.092629
170.251256  -0.093014
172.462312  -0.093418
174.673367  -0.093840
176.884422  -0.094265
179.095477  -0.094707
181.306533  -0.095169
183.517588  -0.095632
185.728643  -0.096113
187.939698  -0.096609
190.150754  -0.097107
192.361809  -0.097627
194.572864  -0.098153
196.783920  -0.098686
198.994975  -0.099240
201.206030  -0.099793
203.417085  -0.100359
205.628141  -0.100937
207.839196  -0.101515
210.050251  -0.102113
212.261307  -0.102708
214.472362  -0.103312
216.683417  -0.103926
218.894472  -0.104537
221.105528  -0.105164
223.316583  -0.105784
225.527638  -0.106412
227.738693  -0.107043
229.949749  -0.107670
232.160804  -0.108308
234.371859  -0.108935
236.582915  -0.109566
238.793970  -0.110196
241.005025  -0.110817
243.216080  -0.111445
245.427136  -0.112059
247.638191  -0.112668
249.849246  -0.113278
252.060302  -0.113869
254.271357  -0.114460
256.482412  -0.115042
258.693467  -0.115606
260.904523  -0.116168
263.115578  -0.116715
265.326633  -0.117245
267.537688  -0.117769
269.748744  -0.118277
271.959799  -0.118764
274.170854  -0.119241
276.381910  -0.119706
278.592965  -0.120146
280.804020  -0.120570
283.015075  -0.120982
285.226131  -0.121376
287.437186  -0.121745
289.648241  -0.122098
291.859296  -0.122436
294.070352  -0.122756
296.281407  -0.123054
298.492462  -0.123330
300.703518  -0.123589
302.914573  -0.123829
305.125628  -0.124054
307.336683  -0.124258
309.547739  -0.124441
311.758794  -0.124604
313.969849  -0.124747
316.180905  -0.124873
318.391960  -0.124980
320.603015  -0.125068
322.814070  -0.125138
325.025126  -0.125189
327.236181  -0.125221
329.447236  -0.125235
331.658291  -0.125231
333.869347  -0.125208
336.080402  -0.125166
338.291457  -0.125105
340.502513  -0.125026
342.713568  -0.124929
344.924623  -0.124812
347.135678  -0.124677
349.346734  -0.124525
351.557789  -0.124352
353.768844  -0.124158
355.979899  -0.123944
358.190955  -0.123711
360.402010  -0.123462
362.613065  -0.123194
364.824121  -0.122908
367.035176  -0.122599
369.246231  -0.122269
371.457286  -0.121924
373.668342  -0.121563
375.879397  -0.121182
378.090452  -0.120777
380.301508  -0.120360
382.512563  -0.119928
384.723618  -0.119476
386.934673  -0.119003
389.145729  -0.118522
391.356784  -0.118026
393.567839  -0.117507
395.778894  -0.116982
397.989950  -0.116446
400.201005  -0.115887
402.412060  -0.115326
404.623116  -0.114755
406.834171  -0.114164
409.045226  -0.113575
411.256281  -0.112975
413.467337  -0.112362
415.678392  -0.111754
417.889447  -0.111130
420.100503  -0.110508
422.311558  -0.109884
424.522613  -0.109248
426.733668  -0.108622
428.944724  -0.107988
431.155779  -0.107356
433.366834  -0.106730
435.577889  -0.106095
437.788945  -0.105474
440.000000  -0.104849
