DataBase = TT1
ShotNo = sim0
SignalName = GBP8T
SignalUnit = NA
TriggerTime = 0.000000 ms
Period = 2.211055 ms
CreateTime = 2026/06/01 16:09:54
Samples = 200
0.000000  -0.105195
2.211055  -0.104544
4.422111  -0.103902
6.633166  -0.103257
8.844221  -0.102633
11.055276  -0.102008
13.266332  -0.101395
15.477387  -0.100795
17.688442  -0.100195
19.899497  -0.099616
22.110553  -0.099041
24.321608  -0.098478
26.532663  -0.097934
28.743719  -0.097389
30.954774  -0.096866
33.165829  -0.096355
35.376884  -0.095848
37.587940  -0.095364
39.798995  -0.094890
42.010050  -0.094424
44.221106  -0.093980
46.432161  -0.093548
48.643216  -0.093122
50.854271  -0.092720
53.065327  -0.092331
55.276382  -0.091949
57.487437  -0.091586
59.698492  -0.091242
61.909548  -0.090908
64.120603  -0.090584
66.331658  -0.090282
68.542714  -0.089995
70.753769  -0.089721
72.964824  -0.089457
75.175879  -0.089211
77.386935  -0.088984
79.597990  -0.088771
81.809045  -0.088572
84.020101  -0.088385
86.231156  -0.088213
88.442211  -0.088057
90.653266  -0.087918
92.864322  -0.087796
95.075377  -0.087687
97.286432  -0.087593
99.497487  -0.087515
101.708543  -0.087452
103.919598  -0.087403
106.130653  -0.087369
108.341709  -0.087350
110.552764  -0.087346
112.763819  -0.087357
114.974874  -0.087384
117.185930  -0.087426
119.396985  -0.087482
121.608040  -0.087553
123.819095  -0.087638
126.030151  -0.087740
128.241206  -0.087855
130.452261  -0.087985
132.663317  -0.088133
134.874372  -0.088297
137.085427  -0.088477
139.296482  -0.088671
141.507538  -0.088876
143.718593  -0.089095
145.929648  -0.089332
148.140704  -0.089587
150.351759  -0.089857
152.562814  -0.090137
154.773869  -0.090430
156.984925  -0.090743
159.195980  -0.091074
161.407035  -0.091413
163.618090  -0.091764
165.829146  -0.092138
168.040201  -0.092525
170.251256  -0.092919
172.462312  -0.093332
174.673367  -0.093764
176.884422  -0.094201
179.095477  -0.094654
181.306533  -0.095128
183.517588  -0.095604
185.728643  -0.096099
187.939698  -0.096610
190.150754  -0.097124
192.361809  -0.097660
194.572864  -0.098205
196.783920  -0.098756
198.994975  -0.099330
201.206030  -0.099904
203.417085  -0.100493
205.628141  -0.101095
207.839196  -0.101697
210.050251  -0.102322
212.261307  -0.102945
214.472362  -0.103578
216.683417  -0.104223
218.894472  -0.104865
221.105528  -0.105527
223.316583  -0.106183
225.527638  -0.106848
227.738693  -0.107519
229.949749  -0.108186
232.160804  -0.108868
234.371859  -0.109539
236.582915  -0.110216
238.793970  -0.110895
241.005025  -0.111564
243.216080  -0.112245
245.427136  -0.112912
247.638191  -0.113576
249.849246  -0.114244
252.060302  -0.114893
254.271357  -0.115544
256.482412  -0.116188
258.693467  -0.116813
260.904523  -0.117440
263.115578  -0.118053
265.326633  -0.118647
267.537688  -0.119238
269.748744  -0.119815
271.959799  -0.120369
274.170854  -0.120914
276.381910  -0.121448
278.592965  -0.121956
280.804020  -0.122447
283.015075  -0.122927
285.226131  -0.123389
287.437186  -0.123823
289.648241  -0.124238
291.859296  -0.124638
294.070352  -0.125020
296.281407  -0.125377
298.492462  -0.125709
300.703518  -0.126020
302.914573  -0.126311
305.125628  -0.126583
307.336683  -0.126832
309.547739  -0.127058
311.758794  -0.127257
313.969849  -0.127434
316.180905  -0.127589
318.391960  -0.127721
320.603015  -0.127830
322.814070  -0.127916
325.025126  -0.127980
327.236181  -0.128020
329.447236  -0.128037
331.658291  -0.128032
333.869347  -0.128003
336.080402  -0.127951
338.291457  -0.127876
340.502513  -0.127778
342.713568  -0.127659
344.924623  -0.127514
347.135678  -0.127348
349.346734  -0.127161
351.557789  -0.126948
353.768844  -0.126711
355.979899  -0.126449
358.190955  -0.126168
360.402010  -0.125867
362.613065  -0.125545
364.824121  -0.125202
367.035176  -0.124832
369.246231  -0.124440
371.457286  -0.124033
373.668342  -0.123608
375.879397  -0.123161
378.090452  -0.122688
380.301508  -0.122204
382.512563  -0.121705
384.723618  -0.121184
386.934673  -0.120642
389.145729  -0.120094
391.356784  -0.119530
393.567839  -0.118943
395.778894  -0.118352
397.989950  -0.117751
400.201005  -0.117126
402.412060  -0.116502
404.623116  -0.115869
406.834171  -0.115217
409.045226  -0.114569
411.256281  -0.113912
413.467337  -0.113242
415.678392  -0.112580
417.889447  -0.111904
420.100503  -0.111231
422.311558  -0.110558
424.522613  -0.109874
426.733668  -0.109203
428.944724  -0.108526
431.155779  -0.107852
433.366834  -0.107186
435.577889  -0.106512
437.788945  -0.105855
440.000000  -0.105195
