DataBase = TT1
ShotNo = sim0
SignalName = GBP9T
SignalUnit = NA
TriggerTime = 0.000000 ms
Period = 2.211055 ms
CreateTime = 2026/06/01 16:09:54
Samples = 200
0.000000  -0.075159
2.211055  -0.074960
4.422111  -0.074756
6.633166  -0.074541
8.844221  -0.074322
11.055276  -0.074096
13.266332  -0.073862
15.477387  -0.073626
17.688442  -0.073381
19.899497  -0.073136
22.110553  -0.072888
24.321608  -0.072634
26.532663  -0.072383
28.743719  -0.072127
30.954774  -0.071872
33.165829  -0.071619
35.376884  -0.071362
37.587940  -0.071110
39.798995  -0.070861
42.010050  -0.070610
44.221106  -0.070366
46.432161  -0.070125
48.643216  -0.069885
50.854271  -0.069653
53.065327  -0.069427
55.276382  -0.069202
57.487437  -0.068985
59.698492  -0.068777
61.909548  -0.068573
64.120603  -0.068373
66.331658  -0.068184
68.542714  -0.068004
70.753769  -0.067830
72.964824  -0.067663
75.175879  -0.067504
77.386935  -0.067356
79.597990  -0.067217
81.809045  -0.067087
84.020101  -0.066964
86.231156  -0.066850
88.442211  -0.066746
90.653266  -0.066653
92.864322  -0.066571
95.075377  -0.066498
97.286432  -0.066435
99.497487  -0.066382
101.708543  -0.066339
103.919598  -0.066306
106.130653  -0.066283
108.341709  -0.066270
110.552764  -0.066267
112.763819  -0.066275
114.974874  -0.066293
117.185930  -0.066321
119.396985  -0.066359
121.608040  -0.066407
123.819095  -0.066465
126.030151  -0.066533
128.241206  -0.066611
130.452261  -0.066698
132.663317  -0.066797
134.874372  -0.066906
137.085427  -0.067025
139.296482  -0.067151
141.507538  -0.067285
143.718593  -0.067429
145.929648  -0.067582
148.140704  -0.067746
150.351759  -0.067917
152.562814  -0.068093
154.773869  -0.068277
156.984925  -0.068472
159.195980  -0.068674
161.407035  -0.068880
163.618090  -0.069092
165.829146  -0.069314
168.040201  -0.069540
170.251256  -0.069768
172.462312  -0.070005
174.673367  -0.070246
176.884422  -0.070487
179.095477  -0.070735
181.306533  -0.070986
183.517588  -0.071235
185.728643  -0.071490
187.939698  -0.071746
190.150754  -0.071998
192.361809  -0.072256
194.572864  -0.072509
196.783920  -0.072760
198.994975  -0.073013
201.206030  -0.073259
203.417085  -0.073505
205.628141  -0.073744
207.839196  -0.073978
210.050251  -0.074210
212.261307  -0.074432
214.472362  -0.074651
216.683417  -0.074859
218.894472  -0.075060
221.105528  -0.075254
223.316583  -0.075436
225.527638  -0.075611
227.738693  -0.075773
229.949749  -0.075926
232.160804  -0.076068
234.371859  -0.076197
236.582915  -0.076318
238.793970  -0.076422
241.005025  -0.076516
243.216080  -0.076599
245.427136  -0.076667
247.638191  -0.076726
249.849246  -0.076769
252.060302  -0.076802
254.271357  -0.076825
256.482412  -0.076831
258.693467  -0.076830
260.904523  -0.076818
263.115578  -0.076792
265.326633  -0.076760
267.537688  -0.076719
269.748744  -0.076664
271.959799  -0.076606
274.170854  -0.076541
276.381910  -0.076465
278.592965  -0.076385
280.804020  -0.076304
283.015075  -0.076217
285.226131  -0.076122
287.437186  -0.076028
289.648241  -0.075935
291.859296  -0.075841
294.070352  -0.075742
296.281407  -0.075645
298.492462  -0.075552
300.703518  -0.075464
302.914573  -0.075378
305.125628  -0.075295
307.336683  -0.075213
309.547739  -0.075138
311.758794  -0.075071
313.969849  -0.075010
316.180905  -0.074956
318.391960  -0.074910
320.603015  -0.074871
322.814070  -0.074841
325.025126  -0.074817
327.236181  -0.074803
329.447236  -0.074796
331.658291  -0.074798
333.869347  -0.074809
336.080402  -0.074828
338.291457  -0.074855
340.502513  -0.074890
342.713568  -0.074932
344.924623  -0.074982
347.135678  -0.075040
349.346734  -0.075103
351.557789  -0.075175
353.768844  -0.075254
355.979899  -0.075336
358.190955  -0.075420
360.402010  -0.075508
362.613065  -0.075599
364.824121  -0.075693
367.035176  -0.075792
369.246231  -0.075888
371.457286  -0.075981
373.668342  -0.076075
375.879397  -0.076169
378.090452  -0.076261
380.301508  -0.076345
382.512563  -0.076426
384.723618  -0.076504
386.934673  -0.076574
389.145729  -0.076635
391.356784  -0.076692
393.567839  -0.076741
395.778894  -0.076776
397.989950  -0.076806
400.201005  -0.076826
402.412060  -0.076831
404.623116  -0.076829
406.834171  -0.076815
409.045226  -0.076786
411.256281  -0.076750
413.467337  -0.076698
415.678392  -0.076634
417.889447  -0.076561
420.100503  -0.076470
422.311558  -0.076371
424.522613  -0.076258
426.733668  -0.076133
428.944724  -0.076000
431.155779  -0.075850
433.366834  -0.075694
435.577889  -0.075524
437.788945  -0.075345
440.000000  -0.075159
