DataBase = TT1
ShotNo = sim2
SignalName = flux_loop4
SignalUnit = NA
TriggerTime = 0.000000 ms
Period = 2.211055 ms
CreateTime = 2026/06/09 15:30:46
Samples = 200
0.000000  0.044767
2.211055  0.044547
4.422111  0.044329
6.633166  0.044105
8.844221  0.043882
11.055276  0.043657
13.266332  0.043435
15.477387  0.043217
17.688442  0.042995
19.899497  0.042777
22.110553  0.042558
24.321608  0.042342
26.532663  0.042132
28.743719  0.041921
30.954774  0.041714
33.165829  0.041510
35.376884  0.041307
37.587940  0.041111
39.798995  0.040920
42.010050  0.040729
44.221106  0.040546
46.432161  0.040364
48.643216  0.040186
50.854271  0.040016
53.065327  0.039851
55.276382  0.039689
57.487437  0.039531
59.698492  0.039381
61.909548  0.039233
64.120603  0.039091
66.331658  0.038956
68.542714  0.038829
70.753769  0.038705
72.964824  0.038585
75.175879  0.038471
77.386935  0.038364
79.597990  0.038264
81.809045  0.038169
84.020101  0.038080
86.231156  0.037997
88.442211  0.037919
90.653266  0.037848
92.864322  0.037783
95.075377  0.037725
97.286432  0.037672
99.497487  0.037627
101.708543  0.037587
103.919598  0.037553
106.130653  0.037526
108.341709  0.037506
110.552764  0.037492
112.763819  0.037484
114.974874  0.037483
117.185930  0.037487
119.396985  0.037498
121.608040  0.037516
123.819095  0.037540
126.030151  0.037570
128.241206  0.037607
130.452261  0.037650
132.663317  0.037702
134.874372  0.037760
137.085427  0.037825
139.296482  0.037896
141.507538  0.037973
143.718593  0.038056
145.929648  0.038147
148.140704  0.038247
150.351759  0.038353
152.562814  0.038464
154.773869  0.038581
156.984925  0.038707
159.195980  0.038841
161.407035  0.038980
163.618090  0.039125
165.829146  0.039280
168.040201  0.039441
170.251256  0.039605
172.462312  0.039781
174.673367  0.039963
176.884422  0.040149
179.095477  0.040345
181.306533  0.040548
183.517588  0.040754
185.728643  0.040969
187.939698  0.041192
190.150754  0.041418
192.361809  0.041654
194.572864  0.041896
196.783920  0.042143
198.994975  0.042401
201.206030  0.042659
203.417085  0.042928
205.628141  0.043202
207.839196  0.043478
210.050251  0.043763
212.261307  0.044050
214.472362  0.044345
216.683417  0.044646
218.894472  0.044949
221.105528  0.045262
223.316583  0.045572
225.527638  0.045889
227.738693  0.046208
229.949749  0.046527
232.160804  0.046855
234.371859  0.047180
236.582915  0.047512
238.793970  0.047842
241.005025  0.048166
243.216080  0.048497
245.427136  0.048823
247.638191  0.049150
249.849246  0.049479
252.060302  0.049795
254.271357  0.050113
256.482412  0.050424
258.693467  0.050727
260.904523  0.051032
263.115578  0.051328
265.326633  0.051607
267.537688  0.051882
269.748744  0.052148
271.959799  0.052398
274.170854  0.052645
276.381910  0.052879
278.592965  0.053089
280.804020  0.053285
283.015075  0.053474
285.226131  0.053647
287.437186  0.053802
289.648241  0.053933
291.859296  0.054050
294.070352  0.054151
296.281407  0.054234
298.492462  0.054298
300.703518  0.054335
302.914573  0.054357
305.125628  0.054360
307.336683  0.054347
309.547739  0.054315
311.758794  0.054263
313.969849  0.054186
316.180905  0.054093
318.391960  0.053982
320.603015  0.053859
322.814070  0.053718
325.025126  0.053558
327.236181  0.053384
329.447236  0.053196
331.658291  0.052998
333.869347  0.052788
336.080402  0.052562
338.291457  0.052325
340.502513  0.052080
342.713568  0.051826
344.924623  0.051563
347.135678  0.051297
349.346734  0.051024
351.557789  0.050741
353.768844  0.050452
355.979899  0.050159
358.190955  0.049864
360.402010  0.049569
362.613065  0.049273
364.824121  0.048974
367.035176  0.048671
369.246231  0.048367
371.457286  0.048065
373.668342  0.047766
375.879397  0.047465
378.090452  0.047167
380.301508  0.046871
382.512563  0.046579
384.723618  0.046285
386.934673  0.045993
389.145729  0.045708
391.356784  0.045425
393.567839  0.045142
395.778894  0.044866
397.989950  0.044595
400.201005  0.044326
402.412060  0.044061
404.623116  0.043802
406.834171  0.043543
409.045226  0.043291
411.256281  0.043044
413.467337  0.042798
415.678392  0.042561
417.889447  0.042325
420.100503  0.042094
422.311558  0.041870
424.522613  0.041647
426.733668  0.041432
428.944724  0.041220
431.155779  0.041012
433.366834  0.040812
435.577889  0.040612
437.788945  0.040421
440.000000  0.040232
