DataBase = TT1
ShotNo = sim2
SignalName = flux_loop1
SignalUnit = NA
TriggerTime = 0.000000 ms
Period = 2.211055 ms
CreateTime = 2026/06/09 15:30:46
Samples = 200
0.000000  0.103705
2.211055  0.104312
4.422111  0.104898
6.633166  0.105477
8.844221  0.106024
11.055276  0.106568
13.266332  0.107085
15.477387  0.107579
17.688442  0.108065
19.899497  0.108512
22.110553  0.108953
24.321608  0.109370
26.532663  0.109751
28.743719  0.110127
30.954774  0.110468
33.165829  0.110788
35.376884  0.111096
37.587940  0.111363
39.798995  0.111616
42.010050  0.111853
44.221106  0.112053
46.432161  0.112241
48.643216  0.112412
50.854271  0.112546
53.065327  0.112666
55.276382  0.112771
57.487437  0.112854
59.698492  0.112908
61.909548  0.112955
64.120603  0.112980
66.331658  0.112984
68.542714  0.112966
70.753769  0.112937
72.964824  0.112898
75.175879  0.112848
77.386935  0.112770
79.597990  0.112678
81.809045  0.112572
84.020101  0.112457
86.231156  0.112332
88.442211  0.112194
90.653266  0.112042
92.864322  0.111882
95.075377  0.111708
97.286432  0.111522
99.497487  0.111325
101.708543  0.111121
103.919598  0.110908
106.130653  0.110686
108.341709  0.110457
110.552764  0.110219
112.763819  0.109969
114.974874  0.109713
117.185930  0.109453
119.396985  0.109186
121.608040  0.108911
123.819095  0.108632
126.030151  0.108345
128.241206  0.108049
130.452261  0.107744
132.663317  0.107433
134.874372  0.107113
137.085427  0.106784
139.296482  0.106450
141.507538  0.106115
143.718593  0.105773
145.929648  0.105422
148.140704  0.105059
150.351759  0.104689
152.562814  0.104321
154.773869  0.103947
156.984925  0.103559
159.195980  0.103160
161.407035  0.102764
163.618090  0.102360
165.829146  0.101942
168.040201  0.101519
170.251256  0.101099
172.462312  0.100660
174.673367  0.100212
176.884422  0.099771
179.095477  0.099313
181.306533  0.098848
183.517588  0.098389
185.728643  0.097912
187.939698  0.097429
190.150754  0.096951
192.361809  0.096454
194.572864  0.095959
196.783920  0.095462
198.994975  0.094947
201.206030  0.094443
203.417085  0.093919
205.628141  0.093399
207.839196  0.092881
210.050251  0.092349
212.261307  0.091825
214.472362  0.091294
216.683417  0.090759
218.894472  0.090231
221.105528  0.089684
223.316583  0.089157
225.527638  0.088620
227.738693  0.088084
229.949749  0.087560
232.160804  0.087023
234.371859  0.086505
236.582915  0.085975
238.793970  0.085454
241.005025  0.084945
243.216080  0.084432
245.427136  0.083935
247.638191  0.083442
249.849246  0.082945
252.060302  0.082477
254.271357  0.082001
256.482412  0.081539
258.693467  0.081097
260.904523  0.080654
263.115578  0.080224
265.326633  0.079816
267.537688  0.079410
269.748744  0.079020
271.959799  0.078657
274.170854  0.078295
276.381910  0.077948
278.592965  0.077625
280.804020  0.077321
283.015075  0.077025
285.226131  0.076748
287.437186  0.076498
289.648241  0.076264
291.859296  0.076047
294.070352  0.075847
296.281407  0.075672
298.492462  0.075525
300.703518  0.075398
302.914573  0.075287
305.125628  0.075198
307.336683  0.075133
309.547739  0.075093
311.758794  0.075080
313.969849  0.075091
316.180905  0.075128
318.391960  0.075192
320.603015  0.075281
322.814070  0.075395
325.025126  0.075529
327.236181  0.075694
329.447236  0.075889
331.658291  0.076109
333.869347  0.076359
336.080402  0.076637
338.291457  0.076937
340.502513  0.077271
342.713568  0.077631
344.924623  0.078025
347.135678  0.078441
349.346734  0.078890
351.557789  0.079375
353.768844  0.079887
355.979899  0.080433
358.190955  0.081011
360.402010  0.081616
362.613065  0.082242
364.824121  0.082907
367.035176  0.083609
369.246231  0.084340
371.457286  0.085101
373.668342  0.085887
375.879397  0.086709
378.090452  0.087574
380.301508  0.088465
382.512563  0.089371
384.723618  0.090325
386.934673  0.091308
389.145729  0.092315
391.356784  0.093352
393.567839  0.094438
395.778894  0.095540
397.989950  0.096665
400.201005  0.097843
402.412060  0.099036
404.623116  0.100248
406.834171  0.101513
409.045226  0.102784
411.256281  0.104087
413.467337  0.105422
415.678392  0.106767
417.889447  0.108154
420.100503  0.109561
422.311558  0.110978
424.522613  0.112436
426.733668  0.113895
428.944724  0.115379
431.155779  0.116889
433.366834  0.118392
435.577889  0.119939
437.788945  0.121471
440.000000  0.123021
