DataBase = TT1
ShotNo = sim2
SignalName = flux_loop5
SignalUnit = NA
TriggerTime = 0.000000 ms
Period = 2.211055 ms
CreateTime = 2026/06/09 15:30:46
Samples = 200
0.000000  0.055898
2.211055  0.055435
4.422111  0.054983
6.633166  0.054536
8.844221  0.054103
11.055276  0.053675
13.266332  0.053253
15.477387  0.052842
17.688442  0.052438
19.899497  0.052046
22.110553  0.051660
24.321608  0.051281
26.532663  0.050912
28.743719  0.050554
30.954774  0.050200
33.165829  0.049859
35.376884  0.049522
37.587940  0.049195
39.798995  0.048877
42.010050  0.048568
44.221106  0.048268
46.432161  0.047974
48.643216  0.047688
50.854271  0.047411
53.065327  0.047142
55.276382  0.046882
57.487437  0.046628
59.698492  0.046386
61.909548  0.046149
64.120603  0.045918
66.331658  0.045697
68.542714  0.045484
70.753769  0.045278
72.964824  0.045079
75.175879  0.044889
77.386935  0.044706
79.597990  0.044530
81.809045  0.044361
84.020101  0.044199
86.231156  0.044046
88.442211  0.043899
90.653266  0.043759
92.864322  0.043627
95.075377  0.043503
97.286432  0.043384
99.497487  0.043273
101.708543  0.043168
103.919598  0.043070
106.130653  0.042978
108.341709  0.042895
110.552764  0.042818
112.763819  0.042747
114.974874  0.042683
117.185930  0.042626
119.396985  0.042576
121.608040  0.042532
123.819095  0.042494
126.030151  0.042463
128.241206  0.042438
130.452261  0.042419
132.663317  0.042408
134.874372  0.042403
137.085427  0.042403
139.296482  0.042410
141.507538  0.042423
143.718593  0.042443
145.929648  0.042469
148.140704  0.042502
150.351759  0.042541
152.562814  0.042585
154.773869  0.042636
156.984925  0.042694
159.195980  0.042758
161.407035  0.042827
163.618090  0.042903
165.829146  0.042986
168.040201  0.043075
170.251256  0.043168
172.462312  0.043269
174.673367  0.043377
176.884422  0.043489
179.095477  0.043608
181.306533  0.043735
183.517588  0.043867
185.728643  0.044005
187.939698  0.044150
190.150754  0.044301
192.361809  0.044458
194.572864  0.044622
196.783920  0.044793
198.994975  0.044970
201.206030  0.045151
203.417085  0.045338
205.628141  0.045535
207.839196  0.045738
210.050251  0.045946
212.261307  0.046162
214.472362  0.046385
216.683417  0.046613
218.894472  0.046847
221.105528  0.047087
223.316583  0.047336
225.527638  0.047591
227.738693  0.047853
229.949749  0.048123
232.160804  0.048400
234.371859  0.048681
236.582915  0.048968
238.793970  0.049267
241.005025  0.049571
243.216080  0.049882
245.427136  0.050201
247.638191  0.050526
249.849246  0.050856
252.060302  0.051197
254.271357  0.051543
256.482412  0.051900
258.693467  0.052262
260.904523  0.052631
263.115578  0.053004
265.326633  0.053390
267.537688  0.053780
269.748744  0.054181
271.959799  0.054588
274.170854  0.054997
276.381910  0.055419
278.592965  0.055848
280.804020  0.056285
283.015075  0.056730
285.226131  0.057178
287.437186  0.057631
289.648241  0.058096
291.859296  0.058567
294.070352  0.059045
296.281407  0.059527
298.492462  0.060009
300.703518  0.060506
302.914573  0.061005
305.125628  0.061511
307.336683  0.062018
309.547739  0.062526
311.758794  0.063040
313.969849  0.063557
316.180905  0.064078
318.391960  0.064600
320.603015  0.065117
322.814070  0.065634
325.025126  0.066156
327.236181  0.066671
329.447236  0.067185
331.658291  0.067692
333.869347  0.068190
336.080402  0.068686
338.291457  0.069174
340.502513  0.069650
342.713568  0.070117
344.924623  0.070573
347.135678  0.071010
349.346734  0.071432
351.557789  0.071838
353.768844  0.072228
355.979899  0.072600
358.190955  0.072950
360.402010  0.073275
362.613065  0.073579
364.824121  0.073859
367.035176  0.074110
369.246231  0.074338
371.457286  0.074537
373.668342  0.074710
375.879397  0.074857
378.090452  0.074969
380.301508  0.075054
382.512563  0.075113
384.723618  0.075140
386.934673  0.075138
389.145729  0.075106
391.356784  0.075051
393.567839  0.074964
395.778894  0.074855
397.989950  0.074722
400.201005  0.074555
402.412060  0.074371
404.623116  0.074167
406.834171  0.073935
409.045226  0.073689
411.256281  0.073419
413.467337  0.073133
415.678392  0.072830
417.889447  0.072513
420.100503  0.072181
422.311558  0.071841
424.522613  0.071486
426.733668  0.071125
428.944724  0.070751
431.155779  0.070372
433.366834  0.069990
435.577889  0.069594
437.788945  0.069202
440.000000  0.068802
