DataBase = TT1
ShotNo = sim2
SignalName = flux_loop3
SignalUnit = NA
TriggerTime = 0.000000 ms
Period = 2.211055 ms
CreateTime = 2026/06/09 15:30:46
Samples = 200
0.000000  0.056070
2.211055  0.056232
4.422111  0.056383
6.633166  0.056525
8.844221  0.056654
11.055276  0.056774
13.266332  0.056887
15.477387  0.056989
17.688442  0.057079
19.899497  0.057162
22.110553  0.057235
24.321608  0.057301
26.532663  0.057362
28.743719  0.057408
30.954774  0.057453
33.165829  0.057488
35.376884  0.057517
37.587940  0.057544
39.798995  0.057564
42.010050  0.057575
44.221106  0.057586
46.432161  0.057591
48.643216  0.057591
50.854271  0.057593
53.065327  0.057592
55.276382  0.057584
57.487437  0.057577
59.698492  0.057569
61.909548  0.057559
64.120603  0.057549
66.331658  0.057540
68.542714  0.057535
70.753769  0.057526
72.964824  0.057518
75.175879  0.057510
77.386935  0.057507
79.597990  0.057506
81.809045  0.057509
84.020101  0.057513
86.231156  0.057518
88.442211  0.057528
90.653266  0.057542
92.864322  0.057559
95.075377  0.057581
97.286432  0.057607
99.497487  0.057639
101.708543  0.057674
103.919598  0.057715
106.130653  0.057760
108.341709  0.057810
110.552764  0.057865
112.763819  0.057927
114.974874  0.057993
117.185930  0.058064
119.396985  0.058140
121.608040  0.058223
123.819095  0.058311
126.030151  0.058404
128.241206  0.058505
130.452261  0.058611
132.663317  0.058724
134.874372  0.058843
137.085427  0.058969
139.296482  0.059100
141.507538  0.059235
143.718593  0.059374
145.929648  0.059521
148.140704  0.059676
150.351759  0.059836
152.562814  0.059998
154.773869  0.060163
156.984925  0.060338
159.195980  0.060518
161.407035  0.060699
163.618090  0.060884
165.829146  0.061075
168.040201  0.061270
170.251256  0.061465
172.462312  0.061667
174.673367  0.061870
176.884422  0.062073
179.095477  0.062280
181.306533  0.062488
183.517588  0.062690
185.728643  0.062898
187.939698  0.063106
190.150754  0.063306
192.361809  0.063511
194.572864  0.063710
196.783920  0.063904
198.994975  0.064098
201.206030  0.064284
203.417085  0.064468
205.628141  0.064642
207.839196  0.064803
210.050251  0.064966
212.261307  0.065110
214.472362  0.065247
216.683417  0.065373
218.894472  0.065487
221.105528  0.065591
223.316583  0.065674
225.527638  0.065746
227.738693  0.065802
229.949749  0.065836
232.160804  0.065858
234.371859  0.065860
236.582915  0.065846
238.793970  0.065809
241.005025  0.065750
243.216080  0.065676
245.427136  0.065575
247.638191  0.065456
249.849246  0.065317
252.060302  0.065154
254.271357  0.064974
256.482412  0.064769
258.693467  0.064544
260.904523  0.064299
263.115578  0.064036
265.326633  0.063752
267.537688  0.063455
269.748744  0.063135
271.959799  0.062798
274.170854  0.062449
276.381910  0.062082
278.592965  0.061707
280.804020  0.061317
283.015075  0.060913
285.226131  0.060499
287.437186  0.060080
289.648241  0.059654
291.859296  0.059224
294.070352  0.058783
296.281407  0.058339
298.492462  0.057895
300.703518  0.057447
302.914573  0.057004
305.125628  0.056559
307.336683  0.056111
309.547739  0.055667
311.758794  0.055228
313.969849  0.054797
316.180905  0.054368
318.391960  0.053943
320.603015  0.053525
322.814070  0.053112
325.025126  0.052710
327.236181  0.052319
329.447236  0.051931
331.658291  0.051552
333.869347  0.051182
336.080402  0.050820
338.291457  0.050473
340.502513  0.050135
342.713568  0.049804
344.924623  0.049481
347.135678  0.049170
349.346734  0.048870
351.557789  0.048582
353.768844  0.048305
355.979899  0.048037
358.190955  0.047776
360.402010  0.047526
362.613065  0.047285
364.824121  0.047054
367.035176  0.046837
369.246231  0.046628
371.457286  0.046427
373.668342  0.046234
375.879397  0.046050
378.090452  0.045875
380.301508  0.045709
382.512563  0.045550
384.723618  0.045401
386.934673  0.045262
389.145729  0.045129
391.356784  0.045001
393.567839  0.044882
395.778894  0.044768
397.989950  0.044662
400.201005  0.044563
402.412060  0.044470
404.623116  0.044384
406.834171  0.044302
409.045226  0.044226
411.256281  0.044158
413.467337  0.044095
415.678392  0.044037
417.889447  0.043983
420.100503  0.043935
422.311558  0.043890
424.522613  0.043850
426.733668  0.043814
428.944724  0.043784
431.155779  0.043756
433.366834  0.043733
435.577889  0.043714
437.788945  0.043698
440.000000  0.043687
