DataBase = TT1
ShotNo = sim2
SignalName = flux_loop2
SignalUnit = NA
TriggerTime = 0.000000 ms
Period = 2.211055 ms
CreateTime = 2026/06/09 15:30:46
Samples = 200
0.000000  0.103397
2.211055  0.104975
4.422111  0.106555
6.633166  0.108183
8.844221  0.109808
11.055276  0.111468
13.266332  0.113149
15.477387  0.114831
17.688442  0.116554
19.899497  0.118268
22.110553  0.120008
24.321608  0.121765
26.532663  0.123517
28.743719  0.125298
30.954774  0.127079
33.165829  0.128857
35.376884  0.130658
37.587940  0.132446
39.798995  0.134233
42.010050  0.136037
44.221106  0.137812
46.432161  0.139594
48.643216  0.141378
50.854271  0.143138
53.065327  0.144877
55.276382  0.146622
57.487437  0.148341
59.698492  0.150025
61.909548  0.151699
64.120603  0.153360
66.331658  0.154981
68.542714  0.156548
70.753769  0.158103
72.964824  0.159625
75.175879  0.161098
77.386935  0.162529
79.597990  0.163910
81.809045  0.165243
84.020101  0.166531
86.231156  0.167764
88.442211  0.168942
90.653266  0.170045
92.864322  0.171085
95.075377  0.172057
97.286432  0.172966
99.497487  0.173802
101.708543  0.174568
103.919598  0.175252
106.130653  0.175861
108.341709  0.176386
110.552764  0.176831
112.763819  0.177195
114.974874  0.177475
117.185930  0.177668
119.396985  0.177766
121.608040  0.177776
123.819095  0.177698
126.030151  0.177535
128.241206  0.177285
130.452261  0.176946
132.663317  0.176507
134.874372  0.175986
137.085427  0.175378
139.296482  0.174691
141.507538  0.173932
143.718593  0.173093
145.929648  0.172165
148.140704  0.171150
150.351759  0.170069
152.562814  0.168936
154.773869  0.167736
156.984925  0.166447
159.195980  0.165104
161.407035  0.163722
163.618090  0.162284
165.829146  0.160780
168.040201  0.159235
170.251256  0.157664
172.462312  0.156036
174.673367  0.154378
176.884422  0.152698
179.095477  0.150980
181.306533  0.149216
183.517588  0.147473
185.728643  0.145678
187.939698  0.143863
190.150754  0.142071
192.361809  0.140234
194.572864  0.138410
196.783920  0.136581
198.994975  0.134741
201.206030  0.132921
203.417085  0.131095
205.628141  0.129263
207.839196  0.127463
210.050251  0.125641
212.261307  0.123859
214.472362  0.122075
216.683417  0.120309
218.894472  0.118571
221.105528  0.116842
223.316583  0.115144
225.527638  0.113453
227.738693  0.111786
229.949749  0.110156
232.160804  0.108528
234.371859  0.106951
236.582915  0.105389
238.793970  0.103844
241.005025  0.102351
243.216080  0.100859
245.427136  0.099415
247.638191  0.097996
249.849246  0.096605
252.060302  0.095259
254.271357  0.093924
256.482412  0.092625
258.693467  0.091370
260.904523  0.090132
263.115578  0.088932
265.326633  0.087774
267.537688  0.086633
269.748744  0.085527
271.959799  0.084466
274.170854  0.083429
276.381910  0.082417
278.592965  0.081453
280.804020  0.080519
283.015075  0.079605
285.226131  0.078732
287.437186  0.077894
289.648241  0.077091
291.859296  0.076310
294.070352  0.075559
296.281407  0.074846
298.492462  0.074172
300.703518  0.073525
302.914573  0.072904
305.125628  0.072312
307.336683  0.071753
309.547739  0.071227
311.758794  0.070729
313.969849  0.070267
316.180905  0.069832
318.391960  0.069427
320.603015  0.069051
322.814070  0.068706
325.025126  0.068385
327.236181  0.068094
329.447236  0.067831
331.658291  0.067595
333.869347  0.067390
336.080402  0.067213
338.291457  0.067061
340.502513  0.066934
342.713568  0.066834
344.924623  0.066760
347.135678  0.066712
349.346734  0.066690
351.557789  0.066697
353.768844  0.066731
355.979899  0.066791
358.190955  0.066872
360.402010  0.066977
362.613065  0.067102
364.824121  0.067252
367.035176  0.067434
369.246231  0.067638
371.457286  0.067859
373.668342  0.068102
375.879397  0.068369
378.090452  0.068662
380.301508  0.068978
382.512563  0.069304
384.723618  0.069659
386.934673  0.070041
389.145729  0.070434
391.356784  0.070844
393.567839  0.071284
395.778894  0.071736
397.989950  0.072205
400.201005  0.072701
402.412060  0.073211
404.623116  0.073735
406.834171  0.074286
409.045226  0.074841
411.256281  0.075418
413.467337  0.076020
415.678392  0.076621
417.889447  0.077252
420.100503  0.077895
422.311558  0.078543
424.522613  0.079217
426.733668  0.079894
428.944724  0.080589
431.155779  0.081297
433.366834  0.082011
435.577889  0.082750
437.788945  0.083486
440.000000  0.084239
