DataBase = TT1
ShotNo = sim2
SignalName = GBP12T
SignalUnit = NA
TriggerTime = 0.000000 ms
Period = 2.211055 ms
CreateTime = 2026/06/09 15:30:46
Samples = 200
0.000000  -0.029778
2.211055  -0.030436
4.422111  -0.031102
6.633166  -0.031796
8.844221  -0.032495
11.055276  -0.033217
13.266332  -0.033959
15.477387  -0.034710
17.688442  -0.035490
19.899497  -0.036271
22.110553  -0.037073
24.321608  -0.037895
26.532663  -0.038724
28.743719  -0.039582
30.954774  -0.040443
33.165829  -0.041313
35.376884  -0.042204
37.587940  -0.043101
39.798995  -0.044009
42.010050  -0.044939
44.221106  -0.045857
46.432161  -0.046788
48.643216  -0.047730
50.854271  -0.048672
53.065327  -0.049611
55.276382  -0.050571
57.487437  -0.051511
59.698492  -0.052441
61.909548  -0.053371
64.120603  -0.054305
66.331658  -0.055224
68.542714  -0.056116
70.753769  -0.057010
72.964824  -0.057879
75.175879  -0.058718
77.386935  -0.059539
79.597990  -0.060331
81.809045  -0.061089
84.020101  -0.061833
86.231156  -0.062547
88.442211  -0.063212
90.653266  -0.063821
92.864322  -0.064391
95.075377  -0.064913
97.286432  -0.065392
99.497487  -0.065820
101.708543  -0.066196
103.919598  -0.066518
106.130653  -0.066793
108.341709  -0.067009
110.552764  -0.067172
112.763819  -0.067273
114.974874  -0.067314
117.185930  -0.067293
119.396985  -0.067209
121.608040  -0.067068
123.819095  -0.066871
126.030151  -0.066624
128.241206  -0.066321
130.452261  -0.065964
132.663317  -0.065545
134.874372  -0.065078
137.085427  -0.064569
139.296482  -0.064017
141.507538  -0.063435
143.718593  -0.062806
145.929648  -0.062133
148.140704  -0.061414
150.351759  -0.060675
152.562814  -0.059923
154.773869  -0.059138
156.984925  -0.058311
159.195980  -0.057473
161.407035  -0.056628
163.618090  -0.055767
165.829146  -0.054880
168.040201  -0.053986
170.251256  -0.053100
172.462312  -0.052194
174.673367  -0.051283
176.884422  -0.050385
179.095477  -0.049477
181.306533  -0.048556
183.517588  -0.047666
185.728643  -0.046759
187.939698  -0.045854
190.150754  -0.044981
192.361809  -0.044094
194.572864  -0.043233
196.783920  -0.042381
198.994975  -0.041533
201.206030  -0.040711
203.417085  -0.039895
205.628141  -0.039085
207.839196  -0.038300
210.050251  -0.037513
212.261307  -0.036757
214.472362  -0.036008
216.683417  -0.035279
218.894472  -0.034571
221.105528  -0.033872
223.316583  -0.033195
225.527638  -0.032525
227.738693  -0.031872
229.949749  -0.031242
232.160804  -0.030620
234.371859  -0.030025
236.582915  -0.029442
238.793970  -0.028868
241.005025  -0.028319
243.216080  -0.027774
245.427136  -0.027255
247.638191  -0.026749
249.849246  -0.026256
252.060302  -0.025785
254.271357  -0.025318
256.482412  -0.024868
258.693467  -0.024438
260.904523  -0.024018
263.115578  -0.023613
265.326633  -0.023224
267.537688  -0.022842
269.748744  -0.022475
271.959799  -0.022127
274.170854  -0.021788
276.381910  -0.021459
278.592965  -0.021146
280.804020  -0.020845
283.015075  -0.020552
285.226131  -0.020274
287.437186  -0.020009
289.648241  -0.019754
291.859296  -0.019508
294.070352  -0.019271
296.281407  -0.019049
298.492462  -0.018839
300.703518  -0.018638
302.914573  -0.018444
305.125628  -0.018260
307.336683  -0.018087
309.547739  -0.017925
311.758794  -0.017771
313.969849  -0.017628
316.180905  -0.017493
318.391960  -0.017367
320.603015  -0.017250
322.814070  -0.017144
325.025126  -0.017043
327.236181  -0.016951
329.447236  -0.016867
331.658291  -0.016792
333.869347  -0.016725
336.080402  -0.016668
338.291457  -0.016616
340.502513  -0.016571
342.713568  -0.016534
344.924623  -0.016505
347.135678  -0.016484
349.346734  -0.016469
351.557789  -0.016463
353.768844  -0.016464
355.979899  -0.016472
358.190955  -0.016486
360.402010  -0.016507
362.613065  -0.016534
364.824121  -0.016567
367.035176  -0.016610
369.246231  -0.016658
371.457286  -0.016711
373.668342  -0.016770
375.879397  -0.016836
378.090452  -0.016909
380.301508  -0.016989
382.512563  -0.017071
384.723618  -0.017161
386.934673  -0.017260
389.145729  -0.017360
391.356784  -0.017466
393.567839  -0.017580
395.778894  -0.017698
397.989950  -0.017821
400.201005  -0.017951
402.412060  -0.018086
404.623116  -0.018225
406.834171  -0.018371
409.045226  -0.018518
411.256281  -0.018673
413.467337  -0.018835
415.678392  -0.018996
417.889447  -0.019167
420.100503  -0.019341
422.311558  -0.019517
424.522613  -0.019702
426.733668  -0.019887
428.944724  -0.020079
431.155779  -0.020274
433.366834  -0.020473
435.577889  -0.020679
437.788945  -0.020886
440.000000  -0.021099
