DataBase = TT1
ShotNo = sim2
SignalName = GBP1T
SignalUnit = NA
TriggerTime = 0.000000 ms
Period = 2.211055 ms
CreateTime = 2026/06/09 15:30:46
Samples = 200
0.000000  -0.027879
2.211055  -0.028424
4.422111  -0.028970
6.633166  -0.029532
8.844221  -0.030084
11.055276  -0.030650
13.266332  -0.031224
15.477387  -0.031796
17.688442  -0.032382
19.899497  -0.032951
22.110553  -0.033528
24.321608  -0.034110
26.532663  -0.034680
28.743719  -0.035264
30.954774  -0.035830
33.165829  -0.036383
35.376884  -0.036943
37.587940  -0.037484
39.798995  -0.038023
42.010050  -0.038558
44.221106  -0.039058
46.432161  -0.039550
48.643216  -0.040038
50.854271  -0.040497
53.065327  -0.040943
55.276382  -0.041380
57.487437  -0.041786
59.698492  -0.042152
61.909548  -0.042512
64.120603  -0.042855
66.331658  -0.043169
68.542714  -0.043454
70.753769  -0.043718
72.964824  -0.043958
75.175879  -0.044168
77.386935  -0.044342
79.597990  -0.044494
81.809045  -0.044622
84.020101  -0.044732
86.231156  -0.044815
88.442211  -0.044873
90.653266  -0.044901
92.864322  -0.044900
95.075377  -0.044873
97.286432  -0.044827
99.497487  -0.044759
101.708543  -0.044672
103.919598  -0.044569
106.130653  -0.044447
108.341709  -0.044307
110.552764  -0.044149
112.763819  -0.043969
114.974874  -0.043773
117.185930  -0.043565
119.396985  -0.043342
121.608040  -0.043107
123.819095  -0.042865
126.030151  -0.042612
128.241206  -0.042343
130.452261  -0.042064
132.663317  -0.041775
134.874372  -0.041473
137.085427  -0.041163
139.296482  -0.040849
141.507538  -0.040532
143.718593  -0.040205
145.929648  -0.039869
148.140704  -0.039520
150.351759  -0.039170
152.562814  -0.038820
154.773869  -0.038463
156.984925  -0.038093
159.195980  -0.037718
161.407035  -0.037347
163.618090  -0.036970
165.829146  -0.036580
168.040201  -0.036188
170.251256  -0.035806
172.462312  -0.035407
174.673367  -0.035001
176.884422  -0.034607
179.095477  -0.034201
181.306533  -0.033787
183.517588  -0.033382
185.728643  -0.032967
187.939698  -0.032550
190.150754  -0.032141
192.361809  -0.031720
194.572864  -0.031308
196.783920  -0.030897
198.994975  -0.030476
201.206030  -0.030072
203.417085  -0.029657
205.628141  -0.029244
207.839196  -0.028837
210.050251  -0.028425
212.261307  -0.028023
214.472362  -0.027619
216.683417  -0.027222
218.894472  -0.026833
221.105528  -0.026438
223.316583  -0.026057
225.527638  -0.025673
227.738693  -0.025293
229.949749  -0.024924
232.160804  -0.024554
234.371859  -0.024199
236.582915  -0.023844
238.793970  -0.023493
241.005025  -0.023152
243.216080  -0.022812
245.427136  -0.022485
247.638191  -0.022164
249.849246  -0.021846
252.060302  -0.021543
254.271357  -0.021237
256.482412  -0.020941
258.693467  -0.020658
260.904523  -0.020377
263.115578  -0.020106
265.326633  -0.019844
267.537688  -0.019584
269.748744  -0.019334
271.959799  -0.019097
274.170854  -0.018864
276.381910  -0.018637
278.592965  -0.018420
280.804020  -0.018211
283.015075  -0.018007
285.226131  -0.017814
287.437186  -0.017630
289.648241  -0.017452
291.859296  -0.017280
294.070352  -0.017115
296.281407  -0.016960
298.492462  -0.016816
300.703518  -0.016678
302.914573  -0.016544
305.125628  -0.016418
307.336683  -0.016302
309.547739  -0.016194
311.758794  -0.016092
313.969849  -0.015999
316.180905  -0.015913
318.391960  -0.015834
320.603015  -0.015764
322.814070  -0.015702
325.025126  -0.015644
327.236181  -0.015594
329.447236  -0.015552
331.658291  -0.015517
333.869347  -0.015491
336.080402  -0.015473
338.291457  -0.015459
340.502513  -0.015452
342.713568  -0.015454
344.924623  -0.015462
347.135678  -0.015479
349.346734  -0.015502
351.557789  -0.015532
353.768844  -0.015571
355.979899  -0.015617
358.190955  -0.015670
360.402010  -0.015730
362.613065  -0.015796
364.824121  -0.015869
367.035176  -0.015952
369.246231  -0.016042
371.457286  -0.016137
373.668342  -0.016240
375.879397  -0.016351
378.090452  -0.016471
380.301508  -0.016599
382.512563  -0.016729
384.723618  -0.016871
386.934673  -0.017021
389.145729  -0.017176
391.356784  -0.017337
393.567839  -0.017512
395.778894  -0.017691
397.989950  -0.017877
400.201005  -0.018074
402.412060  -0.018278
404.623116  -0.018488
406.834171  -0.018710
409.045226  -0.018935
411.256281  -0.019170
413.467337  -0.019418
415.678392  -0.019665
417.889447  -0.019929
420.100503  -0.020200
422.311558  -0.020475
424.522613  -0.020765
426.733668  -0.021058
428.944724  -0.021363
431.155779  -0.021678
433.366834  -0.021998
435.577889  -0.022334
437.788945  -0.022672
440.000000  -0.023022
