DataBase = TT1
ShotNo = sim2
SignalName = GBP10T
SignalUnit = NA
TriggerTime = 0.000000 ms
Period = 2.211055 ms
CreateTime = 2026/06/09 15:30:46
Samples = 200
0.000000  -0.050928
2.211055  -0.051538
4.422111  -0.052135
6.633166  -0.052738
8.844221  -0.053333
11.055276  -0.053923
13.266332  -0.054499
15.477387  -0.055059
17.688442  -0.055609
19.899497  -0.056154
22.110553  -0.056688
24.321608  -0.057206
26.532663  -0.057706
28.743719  -0.058179
30.954774  -0.058656
33.165829  -0.059113
35.376884  -0.059555
37.587940  -0.059978
39.798995  -0.060379
42.010050  -0.060758
44.221106  -0.061133
46.432161  -0.061492
48.643216  -0.061831
50.854271  -0.062154
53.065327  -0.062458
55.276382  -0.062736
57.487437  -0.063018
59.698492  -0.063283
61.909548  -0.063534
64.120603  -0.063771
66.331658  -0.063994
68.542714  -0.064208
70.753769  -0.064409
72.964824  -0.064607
75.175879  -0.064796
77.386935  -0.064979
79.597990  -0.065158
81.809045  -0.065334
84.020101  -0.065503
86.231156  -0.065663
88.442211  -0.065830
90.653266  -0.066002
92.864322  -0.066171
95.075377  -0.066340
97.286432  -0.066518
99.497487  -0.066697
101.708543  -0.066879
103.919598  -0.067071
106.130653  -0.067266
108.341709  -0.067465
110.552764  -0.067670
112.763819  -0.067887
114.974874  -0.068111
117.185930  -0.068342
119.396985  -0.068580
121.608040  -0.068830
123.819095  -0.069088
126.030151  -0.069352
128.241206  -0.069626
130.452261  -0.069906
132.663317  -0.070196
134.874372  -0.070491
137.085427  -0.070792
139.296482  -0.071095
141.507538  -0.071397
143.718593  -0.071702
145.929648  -0.072010
148.140704  -0.072321
150.351759  -0.072624
152.562814  -0.072918
154.773869  -0.073205
156.984925  -0.073491
159.195980  -0.073764
161.407035  -0.074017
163.618090  -0.074257
165.829146  -0.074482
168.040201  -0.074684
170.251256  -0.074864
172.462312  -0.075016
174.673367  -0.075142
176.884422  -0.075238
179.095477  -0.075300
181.306533  -0.075333
183.517588  -0.075326
185.728643  -0.075290
187.939698  -0.075217
190.150754  -0.075095
192.361809  -0.074936
194.572864  -0.074723
196.783920  -0.074469
198.994975  -0.074170
201.206030  -0.073828
203.417085  -0.073441
205.628141  -0.073014
207.839196  -0.072554
210.050251  -0.072059
212.261307  -0.071515
214.472362  -0.070935
216.683417  -0.070305
218.894472  -0.069647
221.105528  -0.068957
223.316583  -0.068237
225.527638  -0.067503
227.738693  -0.066746
229.949749  -0.065961
232.160804  -0.065148
234.371859  -0.064320
236.582915  -0.063476
238.793970  -0.062623
241.005025  -0.061781
243.216080  -0.060919
245.427136  -0.060050
247.638191  -0.059175
249.849246  -0.058303
252.060302  -0.057437
254.271357  -0.056582
256.482412  -0.055729
258.693467  -0.054883
260.904523  -0.054038
263.115578  -0.053209
265.326633  -0.052399
267.537688  -0.051602
269.748744  -0.050814
271.959799  -0.050044
274.170854  -0.049286
276.381910  -0.048542
278.592965  -0.047831
280.804020  -0.047132
283.015075  -0.046445
285.226131  -0.045778
287.437186  -0.045130
289.648241  -0.044509
291.859296  -0.043904
294.070352  -0.043312
296.281407  -0.042743
298.492462  -0.042195
300.703518  -0.041667
302.914573  -0.041160
305.125628  -0.040669
307.336683  -0.040194
309.547739  -0.039740
311.758794  -0.039303
313.969849  -0.038893
316.180905  -0.038496
318.391960  -0.038117
320.603015  -0.037753
322.814070  -0.037409
325.025126  -0.037082
327.236181  -0.036773
329.447236  -0.036478
331.658291  -0.036197
333.869347  -0.035933
336.080402  -0.035686
338.291457  -0.035456
340.502513  -0.035238
342.713568  -0.035034
344.924623  -0.034841
347.135678  -0.034664
349.346734  -0.034499
351.557789  -0.034351
353.768844  -0.034217
355.979899  -0.034094
358.190955  -0.033979
360.402010  -0.033876
362.613065  -0.033783
364.824121  -0.033701
367.035176  -0.033635
369.246231  -0.033579
371.457286  -0.033529
373.668342  -0.033488
375.879397  -0.033456
378.090452  -0.033434
380.301508  -0.033421
382.512563  -0.033414
384.723618  -0.033417
386.934673  -0.033431
389.145729  -0.033448
391.356784  -0.033471
393.567839  -0.033503
395.778894  -0.033538
397.989950  -0.033580
400.201005  -0.033629
402.412060  -0.033682
404.623116  -0.033741
406.834171  -0.033805
409.045226  -0.033871
411.256281  -0.033945
413.467337  -0.034025
415.678392  -0.034104
417.889447  -0.034190
420.100503  -0.034279
422.311558  -0.034368
424.522613  -0.034463
426.733668  -0.034558
428.944724  -0.034659
431.155779  -0.034758
433.366834  -0.034861
435.577889  -0.034968
437.788945  -0.035074
440.000000  -0.035184
