DataBase = TT1
ShotNo = sim2
SignalName = GBP11T
SignalUnit = NA
TriggerTime = 0.000000 ms
Period = 2.211055 ms
CreateTime = 2026/06/09 15:30:46
Samples = 200
0.000000  -0.036769
2.211055  -0.037462
4.422111  -0.038159
6.633166  -0.038879
8.844221  -0.039606
11.055276  -0.040348
13.266332  -0.041100
15.477387  -0.041855
17.688442  -0.042627
19.899497  -0.043406
22.110553  -0.044197
24.321608  -0.044994
26.532663  -0.045794
28.743719  -0.046598
30.954774  -0.047417
33.165829  -0.048238
35.376884  -0.049066
37.587940  -0.049893
39.798995  -0.050715
42.010050  -0.051542
44.221106  -0.052373
46.432161  -0.053207
48.643216  -0.054040
50.854271  -0.054866
53.065327  -0.055679
55.276382  -0.056487
57.487437  -0.057306
59.698492  -0.058115
61.909548  -0.058919
64.120603  -0.059714
66.331658  -0.060492
68.542714  -0.061250
70.753769  -0.062003
72.964824  -0.062760
75.175879  -0.063503
77.386935  -0.064232
79.597990  -0.064944
81.809045  -0.065642
84.020101  -0.066313
86.231156  -0.066958
88.442211  -0.067604
90.653266  -0.068240
92.864322  -0.068854
95.075377  -0.069447
97.286432  -0.070026
99.497487  -0.070577
101.708543  -0.071107
103.919598  -0.071608
106.130653  -0.072079
108.341709  -0.072520
110.552764  -0.072932
112.763819  -0.073329
114.974874  -0.073704
117.185930  -0.074049
119.396985  -0.074360
121.608040  -0.074636
123.819095  -0.074874
126.030151  -0.075075
128.241206  -0.075241
130.452261  -0.075369
132.663317  -0.075451
134.874372  -0.075494
137.085427  -0.075485
139.296482  -0.075433
141.507538  -0.075337
143.718593  -0.075197
145.929648  -0.075008
148.140704  -0.074770
150.351759  -0.074473
152.562814  -0.074135
154.773869  -0.073754
156.984925  -0.073319
159.195980  -0.072829
161.407035  -0.072301
163.618090  -0.071727
165.829146  -0.071105
168.040201  -0.070441
170.251256  -0.069739
172.462312  -0.068993
174.673367  -0.068221
176.884422  -0.067408
179.095477  -0.066564
181.306533  -0.065686
183.517588  -0.064798
185.728643  -0.063875
187.939698  -0.062929
190.150754  -0.061976
192.361809  -0.060997
194.572864  -0.060005
196.783920  -0.059008
198.994975  -0.058001
201.206030  -0.056991
203.417085  -0.055982
205.628141  -0.054966
207.839196  -0.053965
210.050251  -0.052952
212.261307  -0.051957
214.472362  -0.050965
216.683417  -0.049980
218.894472  -0.049010
221.105528  -0.048056
223.316583  -0.047113
225.527638  -0.046181
227.738693  -0.045268
229.949749  -0.044373
232.160804  -0.043488
234.371859  -0.042629
236.582915  -0.041787
238.793970  -0.040958
241.005025  -0.040161
243.216080  -0.039368
245.427136  -0.038605
247.638191  -0.037858
249.849246  -0.037133
252.060302  -0.036431
254.271357  -0.035742
256.482412  -0.035076
258.693467  -0.034433
260.904523  -0.033804
263.115578  -0.033197
265.326633  -0.032614
267.537688  -0.032043
269.748744  -0.031492
271.959799  -0.030964
274.170854  -0.030452
276.381910  -0.029954
278.592965  -0.029481
280.804020  -0.029024
283.015075  -0.028579
285.226131  -0.028155
287.437186  -0.027748
289.648241  -0.027359
291.859296  -0.026981
294.070352  -0.026618
296.281407  -0.026274
298.492462  -0.025946
300.703518  -0.025632
302.914573  -0.025331
305.125628  -0.025042
307.336683  -0.024769
309.547739  -0.024510
311.758794  -0.024262
313.969849  -0.024031
316.180905  -0.023811
318.391960  -0.023603
320.603015  -0.023407
322.814070  -0.023225
325.025126  -0.023053
327.236181  -0.022892
329.447236  -0.022742
331.658291  -0.022602
333.869347  -0.022474
336.080402  -0.022357
338.291457  -0.022250
340.502513  -0.022152
342.713568  -0.022064
344.924623  -0.021985
347.135678  -0.021916
349.346734  -0.021855
351.557789  -0.021805
353.768844  -0.021764
355.979899  -0.021733
358.190955  -0.021707
360.402010  -0.021690
362.613065  -0.021680
364.824121  -0.021678
367.035176  -0.021686
369.246231  -0.021702
371.457286  -0.021722
373.668342  -0.021749
375.879397  -0.021784
378.090452  -0.021826
380.301508  -0.021875
382.512563  -0.021928
384.723618  -0.021988
386.934673  -0.022058
389.145729  -0.022129
391.356784  -0.022205
393.567839  -0.022290
395.778894  -0.022377
397.989950  -0.022469
400.201005  -0.022567
402.412060  -0.022670
404.623116  -0.022777
406.834171  -0.022889
409.045226  -0.023003
411.256281  -0.023122
413.467337  -0.023248
415.678392  -0.023373
417.889447  -0.023505
420.100503  -0.023639
422.311558  -0.023774
424.522613  -0.023915
426.733668  -0.024057
428.944724  -0.024202
431.155779  -0.024349
433.366834  -0.024499
435.577889  -0.024652
437.788945  -0.024806
440.000000  -0.024963
