DataBase = TT1
ShotNo = sim2
SignalName = GBP2T
SignalUnit = NA
TriggerTime = 0.000000 ms
Period = 2.211055 ms
CreateTime = 2026/06/09 15:30:46
Samples = 200
0.000000  -0.030331
2.211055  -0.030681
4.422111  -0.031021
6.633166  -0.031356
8.844221  -0.031668
11.055276  -0.031979
13.266332  -0.032278
15.477387  -0.032563
17.688442  -0.032839
19.899497  -0.033088
22.110553  -0.033331
24.321608  -0.033559
26.532663  -0.033765
28.743719  -0.033961
30.954774  -0.034134
33.165829  -0.034287
35.376884  -0.034430
37.587940  -0.034547
39.798995  -0.034651
42.010050  -0.034739
44.221106  -0.034800
46.432161  -0.034849
48.643216  -0.034883
50.854271  -0.034894
53.065327  -0.034893
55.276382  -0.034876
57.487437  -0.034844
59.698492  -0.034792
61.909548  -0.034732
64.120603  -0.034657
66.331658  -0.034569
68.542714  -0.034471
70.753769  -0.034361
72.964824  -0.034245
75.175879  -0.034124
77.386935  -0.033988
79.597990  -0.033846
81.809045  -0.033700
84.020101  -0.033549
86.231156  -0.033395
88.442211  -0.033237
90.653266  -0.033078
92.864322  -0.032918
95.075377  -0.032756
97.286432  -0.032593
99.497487  -0.032429
101.708543  -0.032267
103.919598  -0.032106
106.130653  -0.031948
108.341709  -0.031792
110.552764  -0.031638
112.763819  -0.031484
114.974874  -0.031335
117.185930  -0.031190
119.396985  -0.031050
121.608040  -0.030913
123.819095  -0.030780
126.030151  -0.030651
128.241206  -0.030522
130.452261  -0.030397
132.663317  -0.030276
134.874372  -0.030157
137.085427  -0.030039
139.296482  -0.029924
141.507538  -0.029812
143.718593  -0.029704
145.929648  -0.029596
148.140704  -0.029489
150.351759  -0.029382
152.562814  -0.029277
154.773869  -0.029175
156.984925  -0.029071
159.195980  -0.028964
161.407035  -0.028859
163.618090  -0.028753
165.829146  -0.028644
168.040201  -0.028534
170.251256  -0.028426
172.462312  -0.028310
174.673367  -0.028191
176.884422  -0.028075
179.095477  -0.027952
181.306533  -0.027826
183.517588  -0.027700
185.728643  -0.027567
187.939698  -0.027431
190.150754  -0.027293
192.361809  -0.027148
194.572864  -0.027002
196.783920  -0.026853
198.994975  -0.026695
201.206030  -0.026540
203.417085  -0.026374
205.628141  -0.026207
207.839196  -0.026038
210.050251  -0.025863
212.261307  -0.025687
214.472362  -0.025506
216.683417  -0.025323
218.894472  -0.025140
221.105528  -0.024946
223.316583  -0.024758
225.527638  -0.024564
227.738693  -0.024368
229.949749  -0.024174
232.160804  -0.023973
234.371859  -0.023779
236.582915  -0.023578
238.793970  -0.023378
241.005025  -0.023179
243.216080  -0.022979
245.427136  -0.022782
247.638191  -0.022587
249.849246  -0.022388
252.060302  -0.022198
254.271357  -0.022004
256.482412  -0.021812
258.693467  -0.021628
260.904523  -0.021442
263.115578  -0.021261
265.326633  -0.021085
267.537688  -0.020908
269.748744  -0.020737
271.959799  -0.020574
274.170854  -0.020413
276.381910  -0.020253
278.592965  -0.020102
280.804020  -0.019956
283.015075  -0.019811
285.226131  -0.019675
287.437186  -0.019546
289.648241  -0.019421
291.859296  -0.019301
294.070352  -0.019186
296.281407  -0.019080
298.492462  -0.018983
300.703518  -0.018891
302.914573  -0.018802
305.125628  -0.018720
307.336683  -0.018648
309.547739  -0.018582
311.758794  -0.018524
313.969849  -0.018473
316.180905  -0.018430
318.391960  -0.018395
320.603015  -0.018368
322.814070  -0.018350
325.025126  -0.018335
327.236181  -0.018330
329.447236  -0.018333
331.658291  -0.018346
333.869347  -0.018367
336.080402  -0.018397
338.291457  -0.018433
340.502513  -0.018478
342.713568  -0.018532
344.924623  -0.018596
347.135678  -0.018668
349.346734  -0.018750
351.557789  -0.018842
353.768844  -0.018943
355.979899  -0.019054
358.190955  -0.019177
360.402010  -0.019308
362.613065  -0.019447
364.824121  -0.019597
367.035176  -0.019760
369.246231  -0.019933
371.457286  -0.020115
373.668342  -0.020307
375.879397  -0.020512
378.090452  -0.020732
380.301508  -0.020963
382.512563  -0.021199
384.723618  -0.021452
386.934673  -0.021719
389.145729  -0.021993
391.356784  -0.022280
393.567839  -0.022587
395.778894  -0.022904
397.989950  -0.023231
400.201005  -0.023580
402.412060  -0.023939
404.623116  -0.024309
406.834171  -0.024702
409.045226  -0.025101
411.256281  -0.025517
413.467337  -0.025953
415.678392  -0.026395
417.889447  -0.026863
420.100503  -0.027345
422.311558  -0.027838
424.522613  -0.028357
426.733668  -0.028884
428.944724  -0.029431
431.155779  -0.030001
433.366834  -0.030577
435.577889  -0.031186
437.788945  -0.031799
440.000000  -0.032433
