DataBase = TT1
ShotNo = sim2
SignalName = GBP3T
SignalUnit = NA
TriggerTime = 0.000000 ms
Period = 2.211055 ms
CreateTime = 2026/06/09 15:30:46
Samples = 200
0.000000  -0.037741
2.211055  -0.037808
4.422111  -0.037861
6.633166  -0.037898
8.844221  -0.037918
11.055276  -0.037926
13.266332  -0.037912
15.477387  -0.037884
17.688442  -0.037841
19.899497  -0.037783
22.110553  -0.037716
24.321608  -0.037630
26.532663  -0.037527
28.743719  -0.037415
30.954774  -0.037289
33.165829  -0.037157
35.376884  -0.037014
37.587940  -0.036855
39.798995  -0.036689
42.010050  -0.036515
44.221106  -0.036334
46.432161  -0.036150
48.643216  -0.035960
50.854271  -0.035758
53.065327  -0.035555
55.276382  -0.035348
57.487437  -0.035141
59.698492  -0.034934
61.909548  -0.034726
64.120603  -0.034513
66.331658  -0.034300
68.542714  -0.034088
70.753769  -0.033877
72.964824  -0.033671
75.175879  -0.033472
77.386935  -0.033271
79.597990  -0.033073
81.809045  -0.032878
84.020101  -0.032687
86.231156  -0.032501
88.442211  -0.032320
90.653266  -0.032145
92.864322  -0.031979
95.075377  -0.031818
97.286432  -0.031659
99.497487  -0.031507
101.708543  -0.031361
103.919598  -0.031221
106.130653  -0.031086
108.341709  -0.030959
110.552764  -0.030839
112.763819  -0.030723
114.974874  -0.030614
117.185930  -0.030513
119.396985  -0.030420
121.608040  -0.030332
123.819095  -0.030250
126.030151  -0.030174
128.241206  -0.030103
130.452261  -0.030036
132.663317  -0.029977
134.874372  -0.029922
137.085427  -0.029870
139.296482  -0.029824
141.507538  -0.029782
143.718593  -0.029746
145.929648  -0.029714
148.140704  -0.029685
150.351759  -0.029659
152.562814  -0.029636
154.773869  -0.029618
156.984925  -0.029602
159.195980  -0.029586
161.407035  -0.029574
163.618090  -0.029564
165.829146  -0.029554
168.040201  -0.029546
170.251256  -0.029539
172.462312  -0.029531
174.673367  -0.029522
176.884422  -0.029516
179.095477  -0.029507
181.306533  -0.029500
183.517588  -0.029493
185.728643  -0.029483
187.939698  -0.029472
190.150754  -0.029460
192.361809  -0.029444
194.572864  -0.029427
196.783920  -0.029409
198.994975  -0.029384
201.206030  -0.029359
203.417085  -0.029327
205.628141  -0.029297
207.839196  -0.029264
210.050251  -0.029226
212.261307  -0.029186
214.472362  -0.029142
216.683417  -0.029093
218.894472  -0.029043
221.105528  -0.028982
223.316583  -0.028927
225.527638  -0.028865
227.738693  -0.028800
229.949749  -0.028735
232.160804  -0.028662
234.371859  -0.028590
236.582915  -0.028510
238.793970  -0.028431
241.005025  -0.028351
243.216080  -0.028268
245.427136  -0.028184
247.638191  -0.028099
249.849246  -0.028007
252.060302  -0.027922
254.271357  -0.027831
256.482412  -0.027741
258.693467  -0.027655
260.904523  -0.027564
263.115578  -0.027474
265.326633  -0.027389
267.537688  -0.027302
269.748744  -0.027217
271.959799  -0.027139
274.170854  -0.027058
276.381910  -0.026980
278.592965  -0.026907
280.804020  -0.026840
283.015075  -0.026772
285.226131  -0.026709
287.437186  -0.026655
289.648241  -0.026603
291.859296  -0.026556
294.070352  -0.026515
296.281407  -0.026480
298.492462  -0.026455
300.703518  -0.026436
302.914573  -0.026421
305.125628  -0.026413
307.336683  -0.026415
309.547739  -0.026425
311.758794  -0.026444
313.969849  -0.026472
316.180905  -0.026510
318.391960  -0.026557
320.603015  -0.026616
322.814070  -0.026683
325.025126  -0.026757
327.236181  -0.026844
329.447236  -0.026945
331.658291  -0.027056
333.869347  -0.027180
336.080402  -0.027316
338.291457  -0.027460
340.502513  -0.027620
342.713568  -0.027792
344.924623  -0.027981
347.135678  -0.028180
349.346734  -0.028395
351.557789  -0.028627
353.768844  -0.028871
355.979899  -0.029132
358.190955  -0.029412
360.402010  -0.029706
362.613065  -0.030012
364.824121  -0.030338
367.035176  -0.030684
369.246231  -0.031044
371.457286  -0.031425
373.668342  -0.031820
375.879397  -0.032236
378.090452  -0.032679
380.301508  -0.033138
382.512563  -0.033608
384.723618  -0.034106
386.934673  -0.034622
389.145729  -0.035158
391.356784  -0.035714
393.567839  -0.036301
395.778894  -0.036902
397.989950  -0.037521
400.201005  -0.038177
402.412060  -0.038846
404.623116  -0.039531
406.834171  -0.040252
409.045226  -0.040981
411.256281  -0.041736
413.467337  -0.042511
415.678392  -0.043304
417.889447  -0.044122
420.100503  -0.044960
422.311558  -0.045810
424.522613  -0.046687
426.733668  -0.047571
428.944724  -0.048472
431.155779  -0.049394
433.366834  -0.050313
435.577889  -0.051260
437.788945  -0.052199
440.000000  -0.053146
