DataBase = TT1
ShotNo = sim2
SignalName = GBP4T
SignalUnit = NA
TriggerTime = 0.000000 ms
Period = 2.211055 ms
CreateTime = 2026/06/09 15:30:46
Samples = 200
0.000000  -0.051939
2.211055  -0.051634
4.422111  -0.051323
6.633166  -0.051004
8.844221  -0.050689
11.055276  -0.050366
13.266332  -0.050028
15.477387  -0.049688
17.688442  -0.049345
19.899497  -0.049005
22.110553  -0.048664
24.321608  -0.048316
26.532663  -0.047965
28.743719  -0.047616
30.954774  -0.047267
33.165829  -0.046928
35.376884  -0.046586
37.587940  -0.046241
39.798995  -0.045901
42.010050  -0.045565
44.221106  -0.045236
46.432161  -0.044913
48.643216  -0.044592
50.854271  -0.044273
53.065327  -0.043961
55.276382  -0.043656
57.487437  -0.043358
59.698492  -0.043070
61.909548  -0.042786
64.120603  -0.042506
66.331658  -0.042233
68.542714  -0.041969
70.753769  -0.041712
72.964824  -0.041463
75.175879  -0.041226
77.386935  -0.040994
79.597990  -0.040769
81.809045  -0.040551
84.020101  -0.040341
86.231156  -0.040141
88.442211  -0.039947
90.653266  -0.039763
92.864322  -0.039589
95.075377  -0.039424
97.286432  -0.039264
99.497487  -0.039112
101.708543  -0.038968
103.919598  -0.038832
106.130653  -0.038703
108.341709  -0.038584
110.552764  -0.038472
112.763819  -0.038367
114.974874  -0.038270
117.185930  -0.038182
119.396985  -0.038102
121.608040  -0.038029
123.819095  -0.037963
126.030151  -0.037904
128.241206  -0.037851
130.452261  -0.037805
132.663317  -0.037767
134.874372  -0.037735
137.085427  -0.037708
139.296482  -0.037688
141.507538  -0.037674
143.718593  -0.037667
145.929648  -0.037666
148.140704  -0.037670
150.351759  -0.037679
152.562814  -0.037693
154.773869  -0.037714
156.984925  -0.037740
159.195980  -0.037769
161.407035  -0.037803
163.618090  -0.037843
165.829146  -0.037885
168.040201  -0.037932
170.251256  -0.037982
172.462312  -0.038035
174.673367  -0.038092
176.884422  -0.038152
179.095477  -0.038214
181.306533  -0.038282
183.517588  -0.038353
185.728643  -0.038424
187.939698  -0.038498
190.150754  -0.038575
192.361809  -0.038652
194.572864  -0.038730
196.783920  -0.038812
198.994975  -0.038891
201.206030  -0.038972
203.417085  -0.039050
205.628141  -0.039135
207.839196  -0.039220
210.050251  -0.039303
212.261307  -0.039389
214.472362  -0.039474
216.683417  -0.039556
218.894472  -0.039639
221.105528  -0.039715
223.316583  -0.039799
225.527638  -0.039881
227.738693  -0.039962
229.949749  -0.040046
232.160804  -0.040124
234.371859  -0.040203
236.582915  -0.040274
238.793970  -0.040354
241.005025  -0.040433
243.216080  -0.040510
245.427136  -0.040587
247.638191  -0.040663
249.849246  -0.040732
252.060302  -0.040812
254.271357  -0.040888
256.482412  -0.040967
258.693467  -0.041047
260.904523  -0.041123
263.115578  -0.041199
265.326633  -0.041285
267.537688  -0.041370
269.748744  -0.041457
271.959799  -0.041550
274.170854  -0.041637
276.381910  -0.041732
278.592965  -0.041836
280.804020  -0.041945
283.015075  -0.042054
285.226131  -0.042166
287.437186  -0.042287
289.648241  -0.042417
291.859296  -0.042555
294.070352  -0.042699
296.281407  -0.042847
298.492462  -0.043007
300.703518  -0.043180
302.914573  -0.043361
305.125628  -0.043553
307.336683  -0.043753
309.547739  -0.043962
311.758794  -0.044190
313.969849  -0.044431
316.180905  -0.044687
318.391960  -0.044956
320.603015  -0.045240
322.814070  -0.045535
325.025126  -0.045846
327.236181  -0.046179
329.447236  -0.046531
331.658291  -0.046897
333.869347  -0.047280
336.080402  -0.047683
338.291457  -0.048104
340.502513  -0.048551
342.713568  -0.049014
344.924623  -0.049503
347.135678  -0.050004
349.346734  -0.050531
351.557789  -0.051089
353.768844  -0.051664
355.979899  -0.052266
358.190955  -0.052890
360.402010  -0.053537
362.613065  -0.054194
364.824121  -0.054888
367.035176  -0.055608
369.246231  -0.056348
371.457286  -0.057114
373.668342  -0.057896
375.879397  -0.058701
378.090452  -0.059533
380.301508  -0.060378
382.512563  -0.061238
384.723618  -0.062127
386.934673  -0.063027
389.145729  -0.063945
391.356784  -0.064874
393.567839  -0.065823
395.778894  -0.066768
397.989950  -0.067716
400.201005  -0.068678
402.412060  -0.069629
404.623116  -0.070569
406.834171  -0.071526
409.045226  -0.072463
411.256281  -0.073387
413.467337  -0.074292
415.678392  -0.075180
417.889447  -0.076038
420.100503  -0.076868
422.311558  -0.077665
424.522613  -0.078425
426.733668  -0.079138
428.944724  -0.079811
431.155779  -0.080432
433.366834  -0.080996
435.577889  -0.081514
437.788945  -0.081965
440.000000  -0.082369
