DataBase = TT1
ShotNo = sim2
SignalName = GBP5T
SignalUnit = NA
TriggerTime = 0.000000 ms
Period = 2.211055 ms
CreateTime = 2026/06/09 15:30:46
Samples = 200
0.000000  -0.075267
2.211055  -0.074523
4.422111  -0.073796
6.633166  -0.073077
8.844221  -0.072383
11.055276  -0.071694
13.266332  -0.071011
15.477387  -0.070345
17.688442  -0.069693
19.899497  -0.069059
22.110553  -0.068436
24.321608  -0.067822
26.532663  -0.067223
28.743719  -0.066640
30.954774  -0.066067
33.165829  -0.065516
35.376884  -0.064972
37.587940  -0.064441
39.798995  -0.063925
42.010050  -0.063424
44.221106  -0.062939
46.432161  -0.062466
48.643216  -0.062004
50.854271  -0.061556
53.065327  -0.061122
55.276382  -0.060703
57.487437  -0.060295
59.698492  -0.059906
61.909548  -0.059526
64.120603  -0.059156
66.331658  -0.058801
68.542714  -0.058460
70.753769  -0.058131
72.964824  -0.057814
75.175879  -0.057511
77.386935  -0.057221
79.597990  -0.056942
81.809045  -0.056673
84.020101  -0.056417
86.231156  -0.056175
88.442211  -0.055942
90.653266  -0.055721
92.864322  -0.055514
95.075377  -0.055319
97.286432  -0.055132
99.497487  -0.054958
101.708543  -0.054794
103.919598  -0.054640
106.130653  -0.054497
108.341709  -0.054367
110.552764  -0.054247
112.763819  -0.054137
114.974874  -0.054037
117.185930  -0.053948
119.396985  -0.053870
121.608040  -0.053802
123.819095  -0.053743
126.030151  -0.053694
128.241206  -0.053655
130.452261  -0.053625
132.663317  -0.053606
134.874372  -0.053597
137.085427  -0.053597
139.296482  -0.053605
141.507538  -0.053623
143.718593  -0.053650
145.929648  -0.053687
148.140704  -0.053734
150.351759  -0.053789
152.562814  -0.053852
154.773869  -0.053926
156.984925  -0.054009
159.195980  -0.054099
161.407035  -0.054198
163.618090  -0.054305
165.829146  -0.054422
168.040201  -0.054547
170.251256  -0.054678
172.462312  -0.054819
174.673367  -0.054968
176.884422  -0.055124
179.095477  -0.055289
181.306533  -0.055464
183.517588  -0.055647
185.728643  -0.055836
187.939698  -0.056033
190.150754  -0.056239
192.361809  -0.056452
194.572864  -0.056672
196.783920  -0.056901
198.994975  -0.057136
201.206030  -0.057376
203.417085  -0.057622
205.628141  -0.057881
207.839196  -0.058147
210.050251  -0.058417
212.261307  -0.058697
214.472362  -0.058985
216.683417  -0.059277
218.894472  -0.059574
221.105528  -0.059875
223.316583  -0.060190
225.527638  -0.060511
227.738693  -0.060838
229.949749  -0.061175
232.160804  -0.061516
234.371859  -0.061862
236.582915  -0.062209
238.793970  -0.062575
241.005025  -0.062946
243.216080  -0.063323
245.427136  -0.063708
247.638191  -0.064098
249.849246  -0.064488
252.060302  -0.064898
254.271357  -0.065311
256.482412  -0.065737
258.693467  -0.066169
260.904523  -0.066604
263.115578  -0.067044
265.326633  -0.067505
267.537688  -0.067972
269.748744  -0.068450
271.959799  -0.068937
274.170854  -0.069421
276.381910  -0.069927
278.592965  -0.070449
280.804020  -0.070983
283.015075  -0.071526
285.226131  -0.072071
287.437186  -0.072629
289.648241  -0.073214
291.859296  -0.073812
294.070352  -0.074421
296.281407  -0.075037
298.492462  -0.075661
300.703518  -0.076322
302.914573  -0.076996
305.125628  -0.077688
307.336683  -0.078383
309.547739  -0.079087
311.758794  -0.079825
313.969849  -0.080586
316.180905  -0.081367
318.391960  -0.082160
320.603015  -0.082961
322.814070  -0.083775
325.025126  -0.084628
327.236181  -0.085500
329.447236  -0.086387
331.658291  -0.087281
333.869347  -0.088177
336.080402  -0.089105
338.291457  -0.090058
340.502513  -0.091024
342.713568  -0.091996
344.924623  -0.092976
347.135678  -0.093946
349.346734  -0.094934
351.557789  -0.095945
353.768844  -0.096959
355.979899  -0.097970
358.190955  -0.098968
360.402010  -0.099946
362.613065  -0.100904
364.824121  -0.101872
367.035176  -0.102828
369.246231  -0.103767
371.457286  -0.104673
373.668342  -0.105540
375.879397  -0.106378
378.090452  -0.107163
380.301508  -0.107904
382.512563  -0.108611
384.723618  -0.109273
386.934673  -0.109882
389.145729  -0.110425
391.356784  -0.110916
393.567839  -0.111339
395.778894  -0.111687
397.989950  -0.111969
400.201005  -0.112172
402.412060  -0.112310
404.623116  -0.112376
406.834171  -0.112371
409.045226  -0.112306
411.256281  -0.112160
413.467337  -0.111954
415.678392  -0.111669
417.889447  -0.111326
420.100503  -0.110921
422.311558  -0.110460
424.522613  -0.109940
426.733668  -0.109375
428.944724  -0.108755
431.155779  -0.108091
433.366834  -0.107395
435.577889  -0.106651
437.788945  -0.105885
440.000000  -0.105087
