DataBase = TT1
ShotNo = sim2
SignalName = GBP6T
SignalUnit = NA
TriggerTime = 0.000000 ms
Period = 2.211055 ms
CreateTime = 2026/06/09 15:30:46
Samples = 200
0.000000  -0.104849
2.211055  -0.103760
4.422111  -0.102703
6.633166  -0.101657
8.844221  -0.100648
11.055276  -0.099650
13.266332  -0.098679
15.477387  -0.097737
17.688442  -0.096814
19.899497  -0.095921
22.110553  -0.095042
24.321608  -0.094186
26.532663  -0.093359
28.743719  -0.092556
30.954774  -0.091768
33.165829  -0.091009
35.376884  -0.090262
37.587940  -0.089545
39.798995  -0.088849
42.010050  -0.088173
44.221106  -0.087521
46.432161  -0.086886
48.643216  -0.086267
50.854271  -0.085674
53.065327  -0.085102
55.276382  -0.084550
57.487437  -0.084012
59.698492  -0.083502
61.909548  -0.083005
64.120603  -0.082523
66.331658  -0.082065
68.542714  -0.081628
70.753769  -0.081207
72.964824  -0.080800
75.175879  -0.080413
77.386935  -0.080046
79.597990  -0.079695
81.809045  -0.079360
84.020101  -0.079042
86.231156  -0.078744
88.442211  -0.078458
90.653266  -0.078190
92.864322  -0.077941
95.075377  -0.077709
97.286432  -0.077489
99.497487  -0.077288
101.708543  -0.077102
103.919598  -0.076930
106.130653  -0.076774
108.341709  -0.076636
110.552764  -0.076514
112.763819  -0.076405
114.974874  -0.076312
117.185930  -0.076233
119.396985  -0.076171
121.608040  -0.076123
123.819095  -0.076090
126.030151  -0.076071
128.241206  -0.076067
130.452261  -0.076079
132.663317  -0.076106
134.874372  -0.076150
137.085427  -0.076207
139.296482  -0.076278
141.507538  -0.076364
143.718593  -0.076464
145.929648  -0.076580
148.140704  -0.076713
150.351759  -0.076861
152.562814  -0.077020
154.773869  -0.077196
156.984925  -0.077389
159.195980  -0.077596
161.407035  -0.077817
163.618090  -0.078053
165.829146  -0.078307
168.040201  -0.078577
170.251256  -0.078855
172.462312  -0.079156
174.673367  -0.079472
176.884422  -0.079799
179.095477  -0.080145
181.306533  -0.080510
183.517588  -0.080887
185.728643  -0.081281
187.939698  -0.081692
190.150754  -0.082118
192.361809  -0.082563
194.572864  -0.083024
196.783920  -0.083502
198.994975  -0.084001
201.206030  -0.084507
203.417085  -0.085036
205.628141  -0.085586
207.839196  -0.086150
210.050251  -0.086731
212.261307  -0.087331
214.472362  -0.087952
216.683417  -0.088591
218.894472  -0.089244
221.105528  -0.089920
223.316583  -0.090612
225.527638  -0.091324
227.738693  -0.092055
229.949749  -0.092806
232.160804  -0.093581
234.371859  -0.094367
236.582915  -0.095176
238.793970  -0.096011
241.005025  -0.096859
243.216080  -0.097730
245.427136  -0.098622
247.638191  -0.099534
249.849246  -0.100466
252.060302  -0.101416
254.271357  -0.102386
256.482412  -0.103385
258.693467  -0.104396
260.904523  -0.105433
263.115578  -0.106484
265.326633  -0.107559
267.537688  -0.108647
269.748744  -0.109764
271.959799  -0.110894
274.170854  -0.112040
276.381910  -0.113212
278.592965  -0.114392
280.804020  -0.115591
283.015075  -0.116814
285.226131  -0.118048
287.437186  -0.119283
289.648241  -0.120540
291.859296  -0.121800
294.070352  -0.123080
296.281407  -0.124366
298.492462  -0.125638
300.703518  -0.126933
302.914573  -0.128215
305.125628  -0.129502
307.336683  -0.130789
309.547739  -0.132064
311.758794  -0.133318
313.969849  -0.134558
316.180905  -0.135783
318.391960  -0.136991
320.603015  -0.138164
322.814070  -0.139316
325.025126  -0.140437
327.236181  -0.141497
329.447236  -0.142523
331.658291  -0.143506
333.869347  -0.144439
336.080402  -0.145323
338.291457  -0.146134
340.502513  -0.146868
342.713568  -0.147552
344.924623  -0.148165
347.135678  -0.148711
349.346734  -0.149166
351.557789  -0.149521
353.768844  -0.149804
355.979899  -0.150006
358.190955  -0.150130
360.402010  -0.150172
362.613065  -0.150153
364.824121  -0.150026
367.035176  -0.149795
369.246231  -0.149491
371.457286  -0.149111
373.668342  -0.148666
375.879397  -0.148153
378.090452  -0.147549
380.301508  -0.146892
382.512563  -0.146184
384.723618  -0.145391
386.934673  -0.144542
389.145729  -0.143650
391.356784  -0.142723
393.567839  -0.141732
395.778894  -0.140731
397.989950  -0.139704
400.201005  -0.138619
402.412060  -0.137531
404.623116  -0.136433
406.834171  -0.135286
409.045226  -0.134150
411.256281  -0.132993
413.467337  -0.131822
415.678392  -0.130668
417.889447  -0.129498
420.100503  -0.128331
422.311558  -0.127185
424.522613  -0.126025
426.733668  -0.124895
428.944724  -0.123761
431.155779  -0.122645
433.366834  -0.121552
435.577889  -0.120452
437.788945  -0.119392
440.000000  -0.118333
