DataBase = TT1
ShotNo = sim2
SignalName = GBP7T
SignalUnit = NA
TriggerTime = 0.000000 ms
Period = 2.211055 ms
CreateTime = 2026/06/09 15:30:46
Samples = 200
0.000000  -0.121137
2.211055  -0.120208
4.422111  -0.119299
6.633166  -0.118376
8.844221  -0.117475
11.055276  -0.116570
13.266332  -0.115687
15.477387  -0.114826
17.688442  -0.113963
19.899497  -0.113123
22.110553  -0.112285
24.321608  -0.111466
26.532663  -0.110675
28.743719  -0.109893
30.954774  -0.109124
33.165829  -0.108375
35.376884  -0.107633
37.587940  -0.106923
39.798995  -0.106230
42.010050  -0.105550
44.221106  -0.104894
46.432161  -0.104250
48.643216  -0.103619
50.854271  -0.103020
53.065327  -0.102440
55.276382  -0.101875
57.487437  -0.101324
59.698492  -0.100802
61.909548  -0.100292
64.120603  -0.099798
66.331658  -0.099331
68.542714  -0.098889
70.753769  -0.098461
72.964824  -0.098046
75.175879  -0.097650
77.386935  -0.097280
79.597990  -0.096930
81.809045  -0.096598
84.020101  -0.096283
86.231156  -0.095991
88.442211  -0.095713
90.653266  -0.095456
92.864322  -0.095219
95.075377  -0.095004
97.286432  -0.094804
99.497487  -0.094626
101.708543  -0.094467
103.919598  -0.094325
106.130653  -0.094203
108.341709  -0.094102
110.552764  -0.094021
112.763819  -0.093957
114.974874  -0.093911
117.185930  -0.093884
119.396985  -0.093877
121.608040  -0.093889
123.819095  -0.093918
126.030151  -0.093967
128.241206  -0.094035
130.452261  -0.094123
132.663317  -0.094233
134.874372  -0.094363
137.085427  -0.094514
139.296482  -0.094682
141.507538  -0.094867
143.718593  -0.095073
145.929648  -0.095300
148.140704  -0.095551
150.351759  -0.095823
152.562814  -0.096109
154.773869  -0.096414
156.984925  -0.096747
159.195980  -0.097102
161.407035  -0.097472
163.618090  -0.097862
165.829146  -0.098281
168.040201  -0.098720
170.251256  -0.099171
172.462312  -0.099656
174.673367  -0.100162
176.884422  -0.100680
179.095477  -0.101229
181.306533  -0.101803
183.517588  -0.102388
185.728643  -0.103004
187.939698  -0.103643
190.150754  -0.104298
192.361809  -0.104985
194.572864  -0.105694
196.783920  -0.106424
198.994975  -0.107188
201.206030  -0.107961
203.417085  -0.108770
205.628141  -0.109600
207.839196  -0.110446
210.050251  -0.111322
212.261307  -0.112216
214.472362  -0.113140
216.683417  -0.114093
218.894472  -0.115058
221.105528  -0.116064
223.316583  -0.117075
225.527638  -0.118113
227.738693  -0.119172
229.949749  -0.120247
232.160804  -0.121362
234.371859  -0.122478
236.582915  -0.123633
238.793970  -0.124798
241.005025  -0.125963
243.216080  -0.127161
245.427136  -0.128368
247.638191  -0.129592
249.849246  -0.130842
252.060302  -0.132073
254.271357  -0.133324
256.482412  -0.134581
258.693467  -0.135830
260.904523  -0.137108
263.115578  -0.138377
265.326633  -0.139616
267.537688  -0.140859
269.748744  -0.142097
271.959799  -0.143304
274.170854  -0.144523
276.381910  -0.145717
278.592965  -0.146850
280.804020  -0.147957
283.015075  -0.149059
285.226131  -0.150128
287.437186  -0.151140
289.648241  -0.152084
291.859296  -0.152991
294.070352  -0.153861
296.281407  -0.154672
298.492462  -0.155416
300.703518  -0.156074
302.914573  -0.156673
305.125628  -0.157207
307.336683  -0.157688
309.547739  -0.158093
311.758794  -0.158410
313.969849  -0.158620
316.180905  -0.158763
318.391960  -0.158831
320.603015  -0.158836
322.814070  -0.158764
325.025126  -0.158597
327.236181  -0.158353
329.447236  -0.158041
331.658291  -0.157670
333.869347  -0.157234
336.080402  -0.156718
338.291457  -0.156130
340.502513  -0.155489
342.713568  -0.154801
344.924623  -0.154059
347.135678  -0.153286
349.346734  -0.152462
351.557789  -0.151576
353.768844  -0.150649
355.979899  -0.149685
358.190955  -0.148711
360.402010  -0.147717
362.613065  -0.146714
364.824121  -0.145679
367.035176  -0.144611
369.246231  -0.143526
371.457286  -0.142450
373.668342  -0.141373
375.879397  -0.140283
378.090452  -0.139197
380.301508  -0.138109
382.512563  -0.137035
384.723618  -0.135947
386.934673  -0.134856
389.145729  -0.133793
391.356784  -0.132735
393.567839  -0.131673
395.778894  -0.130639
397.989950  -0.129618
400.201005  -0.128605
402.412060  -0.127607
404.623116  -0.126631
406.834171  -0.125652
409.045226  -0.124700
411.256281  -0.123765
413.467337  -0.122832
415.678392  -0.121938
417.889447  -0.121042
420.100503  -0.120168
422.311558  -0.119320
424.522613  -0.118474
426.733668  -0.117660
428.944724  -0.116857
431.155779  -0.116072
433.366834  -0.115311
435.577889  -0.114554
437.788945  -0.113830
440.000000  -0.113113
