DataBase = TT1
ShotNo = sim2
SignalName = GBP8T
SignalUnit = NA
TriggerTime = 0.000000 ms
Period = 2.211055 ms
CreateTime = 2026/06/09 15:30:46
Samples = 200
0.000000  -0.105195
2.211055  -0.104959
4.422111  -0.104710
6.633166  -0.104431
8.844221  -0.104136
11.055276  -0.103822
13.266332  -0.103502
15.477387  -0.103175
17.688442  -0.102822
19.899497  -0.102466
22.110553  -0.102094
24.321608  -0.101719
26.532663  -0.101348
28.743719  -0.100960
30.954774  -0.100573
33.165829  -0.100181
35.376884  -0.099782
37.587940  -0.099397
39.798995  -0.099011
42.010050  -0.098619
44.221106  -0.098238
46.432161  -0.097854
48.643216  -0.097472
50.854271  -0.097109
53.065327  -0.096753
55.276382  -0.096396
57.487437  -0.096046
59.698492  -0.095712
61.909548  -0.095382
64.120603  -0.095061
66.331658  -0.094757
68.542714  -0.094472
70.753769  -0.094191
72.964824  -0.093917
75.175879  -0.093654
77.386935  -0.093412
79.597990  -0.093185
81.809045  -0.092973
84.020101  -0.092772
86.231156  -0.092587
88.442211  -0.092415
90.653266  -0.092259
92.864322  -0.092119
95.075377  -0.091997
97.286432  -0.091891
99.497487  -0.091802
101.708543  -0.091729
103.919598  -0.091673
106.130653  -0.091635
108.341709  -0.091614
110.552764  -0.091612
112.763819  -0.091627
114.974874  -0.091658
117.185930  -0.091706
119.396985  -0.091772
121.608040  -0.091857
123.819095  -0.091959
126.030151  -0.092080
128.241206  -0.092220
130.452261  -0.092380
132.663317  -0.092561
134.874372  -0.092762
137.085427  -0.092984
139.296482  -0.093224
141.507538  -0.093479
143.718593  -0.093753
145.929648  -0.094050
148.140704  -0.094371
150.351759  -0.094713
152.562814  -0.095068
154.773869  -0.095440
156.984925  -0.095841
159.195980  -0.096265
161.407035  -0.096700
163.618090  -0.097155
165.829146  -0.097639
168.040201  -0.098141
170.251256  -0.098653
172.462312  -0.099198
174.673367  -0.099761
176.884422  -0.100334
179.095477  -0.100936
181.306533  -0.101558
183.517588  -0.102181
185.728643  -0.102837
187.939698  -0.103510
190.150754  -0.104186
192.361809  -0.104897
194.572864  -0.105617
196.783920  -0.106348
198.994975  -0.107106
201.206030  -0.107864
203.417085  -0.108648
205.628141  -0.109436
207.839196  -0.110219
210.050251  -0.111029
212.261307  -0.111829
214.472362  -0.112642
216.683417  -0.113466
218.894472  -0.114282
221.105528  -0.115112
223.316583  -0.115919
225.527638  -0.116728
227.738693  -0.117526
229.949749  -0.118303
232.160804  -0.119090
234.371859  -0.119845
236.582915  -0.120598
238.793970  -0.121319
241.005025  -0.121991
243.216080  -0.122664
245.427136  -0.123289
247.638191  -0.123889
249.849246  -0.124461
252.060302  -0.124969
254.271357  -0.125448
256.482412  -0.125872
258.693467  -0.126246
260.904523  -0.126583
263.115578  -0.126869
265.326633  -0.127079
267.537688  -0.127249
269.748744  -0.127355
271.959799  -0.127397
274.170854  -0.127398
276.381910  -0.127334
278.592965  -0.127195
280.804020  -0.126999
283.015075  -0.126754
285.226131  -0.126453
287.437186  -0.126104
289.648241  -0.125687
291.859296  -0.125229
294.070352  -0.124719
296.281407  -0.124163
298.492462  -0.123573
300.703518  -0.122925
302.914573  -0.122254
305.125628  -0.121547
307.336683  -0.120805
309.547739  -0.120042
311.758794  -0.119257
313.969849  -0.118448
316.180905  -0.117618
318.391960  -0.116773
320.603015  -0.115924
322.814070  -0.115059
325.025126  -0.114191
327.236181  -0.113327
329.447236  -0.112454
331.658291  -0.111584
333.869347  -0.110722
336.080402  -0.109854
338.291457  -0.109005
340.502513  -0.108166
342.713568  -0.107328
344.924623  -0.106501
347.135678  -0.105691
349.346734  -0.104897
351.557789  -0.104118
353.768844  -0.103350
355.979899  -0.102598
358.190955  -0.101857
360.402010  -0.101137
362.613065  -0.100432
364.824121  -0.099743
367.035176  -0.099075
369.246231  -0.098422
371.457286  -0.097785
373.668342  -0.097165
375.879397  -0.096556
378.090452  -0.095968
380.301508  -0.095396
382.512563  -0.094840
384.723618  -0.094299
386.934673  -0.093774
389.145729  -0.093267
391.356784  -0.092769
393.567839  -0.092284
395.778894  -0.091814
397.989950  -0.091359
400.201005  -0.090918
402.412060  -0.090488
404.623116  -0.090073
406.834171  -0.089666
409.045226  -0.089272
411.256281  -0.088894
413.467337  -0.088523
415.678392  -0.088169
417.889447  -0.087819
420.100503  -0.087481
422.311558  -0.087154
424.522613  -0.086834
426.733668  -0.086526
428.944724  -0.086229
431.155779  -0.085938
433.366834  -0.085659
435.577889  -0.085385
437.788945  -0.085124
440.000000  -0.084871
