DataBase = TT1
ShotNo = sim2
SignalName = GBP9T
SignalUnit = NA
TriggerTime = 0.000000 ms
Period = 2.211055 ms
CreateTime = 2026/06/09 15:30:46
Samples = 200
0.000000  -0.075159
2.211055  -0.075527
4.422111  -0.075870
6.633166  -0.076195
8.844221  -0.076495
11.055276  -0.076774
13.266332  -0.077031
15.477387  -0.077265
17.688442  -0.077469
19.899497  -0.077658
22.110553  -0.077823
24.321608  -0.077968
26.532663  -0.078096
28.743719  -0.078191
30.954774  -0.078278
33.165829  -0.078341
35.376884  -0.078387
37.587940  -0.078423
39.798995  -0.078441
42.010050  -0.078437
44.221106  -0.078427
46.432161  -0.078402
48.643216  -0.078365
50.854271  -0.078325
53.065327  -0.078277
55.276382  -0.078211
57.487437  -0.078144
59.698492  -0.078074
61.909548  -0.077997
64.120603  -0.077918
66.331658  -0.077840
68.542714  -0.077769
70.753769  -0.077691
72.964824  -0.077611
75.175879  -0.077532
77.386935  -0.077462
79.597990  -0.077399
81.809045  -0.077342
84.020101  -0.077290
86.231156  -0.077242
88.442211  -0.077204
90.653266  -0.077176
92.864322  -0.077155
95.075377  -0.077146
97.286432  -0.077150
99.497487  -0.077165
101.708543  -0.077191
103.919598  -0.077233
106.130653  -0.077287
108.341709  -0.077353
110.552764  -0.077434
112.763819  -0.077529
114.974874  -0.077638
117.185930  -0.077760
119.396985  -0.077898
121.608040  -0.078053
123.819095  -0.078223
126.030151  -0.078408
128.241206  -0.078610
130.452261  -0.078829
132.663317  -0.079068
134.874372  -0.079322
137.085427  -0.079596
139.296482  -0.079884
141.507538  -0.080184
143.718593  -0.080499
145.929648  -0.080833
148.140704  -0.081187
150.351759  -0.081557
152.562814  -0.081934
154.773869  -0.082323
156.984925  -0.082733
159.195980  -0.083161
161.407035  -0.083590
163.618090  -0.084032
165.829146  -0.084489
168.040201  -0.084956
170.251256  -0.085425
172.462312  -0.085907
174.673367  -0.086393
176.884422  -0.086879
179.095477  -0.087373
181.306533  -0.087868
183.517588  -0.088344
185.728643  -0.088833
187.939698  -0.089317
190.150754  -0.089777
192.361809  -0.090245
194.572864  -0.090691
196.783920  -0.091121
198.994975  -0.091539
201.206030  -0.091936
203.417085  -0.092313
205.628141  -0.092660
207.839196  -0.092970
210.050251  -0.093268
212.261307  -0.093516
214.472362  -0.093733
216.683417  -0.093913
218.894472  -0.094055
221.105528  -0.094155
223.316583  -0.094204
225.527638  -0.094215
227.738693  -0.094180
229.949749  -0.094087
232.160804  -0.093951
234.371859  -0.093765
236.582915  -0.093530
238.793970  -0.093245
241.005025  -0.092913
243.216080  -0.092537
245.427136  -0.092105
247.638191  -0.091628
249.849246  -0.091109
252.060302  -0.090546
254.271357  -0.089957
256.482412  -0.089320
258.693467  -0.088648
260.904523  -0.087937
263.115578  -0.087203
265.326633  -0.086445
267.537688  -0.085673
269.748744  -0.084869
271.959799  -0.084045
274.170854  -0.083205
276.381910  -0.082351
278.592965  -0.081508
280.804020  -0.080653
283.015075  -0.079783
285.226131  -0.078909
287.437186  -0.078042
289.648241  -0.077189
291.859296  -0.076342
294.070352  -0.075490
296.281407  -0.074648
298.492462  -0.073820
300.703518  -0.073006
302.914573  -0.072216
305.125628  -0.071435
307.336683  -0.070660
309.547739  -0.069905
311.758794  -0.069170
313.969849  -0.068467
316.180905  -0.067776
318.391960  -0.067102
320.603015  -0.066445
322.814070  -0.065809
325.025126  -0.065201
327.236181  -0.064617
329.447236  -0.064048
331.658291  -0.063496
333.869347  -0.062965
336.080402  -0.062455
338.291457  -0.061976
340.502513  -0.061514
342.713568  -0.061067
344.924623  -0.060636
347.135678  -0.060227
349.346734  -0.059837
351.557789  -0.059473
353.768844  -0.059128
355.979899  -0.058800
358.190955  -0.058482
360.402010  -0.058182
362.613065  -0.057897
364.824121  -0.057628
367.035176  -0.057384
369.246231  -0.057154
371.457286  -0.056933
373.668342  -0.056726
375.879397  -0.056532
378.090452  -0.056351
380.301508  -0.056184
382.512563  -0.056026
384.723618  -0.055884
386.934673  -0.055757
389.145729  -0.055637
391.356784  -0.055524
393.567839  -0.055423
395.778894  -0.055328
397.989950  -0.055243
400.201005  -0.055167
402.412060  -0.055099
404.623116  -0.055039
406.834171  -0.054986
409.045226  -0.054938
411.256281  -0.054900
413.467337  -0.054871
415.678392  -0.054844
417.889447  -0.054823
420.100503  -0.054808
422.311558  -0.054796
424.522613  -0.054790
426.733668  -0.054786
428.944724  -0.054791
431.155779  -0.054795
433.366834  -0.054805
435.577889  -0.054819
437.788945  -0.054835
440.000000  -0.054857
