DataBase = TT1
ShotNo = sim2
SignalName = M8T
SignalUnit = NA
TriggerTime = 0.000000 ms
Period = 2.211055 ms
CreateTime = 2026/06/09 15:30:46
Samples = 200
0.000000  0.000000
2.211055  0.000000
4.422111  0.000000
6.633166  0.000000
8.844221  0.000000
11.055276  0.000000
13.266332  0.000000
15.477387  0.000000
17.688442  0.000000
19.899497  0.000000
22.110553  0.000000
24.321608  0.000000
26.532663  0.000000
28.743719  0.000000
30.954774  0.000000
33.165829  0.000000
35.376884  0.000000
37.587940  0.000000
39.798995  0.000000
42.010050  0.000000
44.221106  0.000000
46.432161  0.000000
48.643216  0.000000
50.854271  0.000000
53.065327  0.000000
55.276382  0.000000
57.487437  0.000000
59.698492  0.000000
61.909548  0.000000
64.120603  0.000000
66.331658  0.000000
68.542714  0.000000
70.753769  0.000000
72.964824  0.000000
75.175879  0.000000
77.386935  0.000000
79.597990  0.000000
81.809045  0.000000
84.020101  0.000000
86.231156  0.000000
88.442211  0.000000
90.653266  0.000000
92.864322  0.000000
95.075377  0.000000
97.286432  0.000000
99.497487  0.000000
101.708543  0.000000
103.919598  0.000000
106.130653  0.000000
108.341709  0.000000
110.552764  0.000000
112.763819  0.000000
114.974874  0.000000
117.185930  0.000000
119.396985  0.000000
121.608040  0.000000
123.819095  0.000000
126.030151  0.000000
128.241206  0.000000
130.452261  0.000000
132.663317  0.000000
134.874372  0.000000
137.085427  0.000000
139.296482  0.000000
141.507538  0.000000
143.718593  0.000000
145.929648  0.000000
148.140704  0.000000
150.351759  0.000000
152.562814  0.000000
154.773869  0.000000
156.984925  0.000000
159.195980  0.000000
161.407035  0.000000
163.618090  0.000000
165.829146  0.000000
168.040201  0.000000
170.251256  0.000000
172.462312  0.000000
174.673367  0.000000
176.884422  0.000000
179.095477  0.000000
181.306533  0.000000
183.517588  0.000000
185.728643  0.000000
187.939698  0.000000
190.150754  0.000000
192.361809  0.000000
194.572864  0.000000
196.783920  0.000000
198.994975  0.000000
201.206030  0.000000
203.417085  0.000000
205.628141  0.000000
207.839196  0.000000
210.050251  0.000000
212.261307  0.000000
214.472362  0.000000
216.683417  0.000000
218.894472  0.000000
221.105528  0.000000
223.316583  0.000000
225.527638  0.000000
227.738693  0.000000
229.949749  0.000000
232.160804  0.000000
234.371859  0.000000
236.582915  0.000000
238.793970  0.000000
241.005025  0.000000
243.216080  0.000000
245.427136  0.000000
247.638191  0.000000
249.849246  0.000000
252.060302  0.000000
254.271357  0.000000
256.482412  0.000000
258.693467  0.000000
260.904523  0.000000
263.115578  0.000000
265.326633  0.000000
267.537688  0.000000
269.748744  0.000000
271.959799  0.000000
274.170854  0.000000
276.381910  0.000000
278.592965  0.000000
280.804020  0.000000
283.015075  0.000000
285.226131  0.000000
287.437186  0.000000
289.648241  0.000000
291.859296  0.000000
294.070352  0.000000
296.281407  0.000000
298.492462  0.000000
300.703518  0.000000
302.914573  0.000000
305.125628  0.000000
307.336683  0.000000
309.547739  0.000000
311.758794  0.000000
313.969849  0.000000
316.180905  0.000000
318.391960  0.000000
320.603015  0.000000
322.814070  0.000000
325.025126  0.000000
327.236181  0.000000
329.447236  0.000000
331.658291  0.000000
333.869347  0.000000
336.080402  0.000000
338.291457  0.000000
340.502513  0.000000
342.713568  0.000000
344.924623  0.000000
347.135678  0.000000
349.346734  0.000000
351.557789  0.000000
353.768844  0.000000
355.979899  0.000000
358.190955  0.000000
360.402010  0.000000
362.613065  0.000000
364.824121  0.000000
367.035176  0.000000
369.246231  0.000000
371.457286  0.000000
373.668342  0.000000
375.879397  0.000000
378.090452  0.000000
380.301508  0.000000
382.512563  0.000000
384.723618  0.000000
386.934673  0.000000
389.145729  0.000000
391.356784  0.000000
393.567839  0.000000
395.778894  0.000000
397.989950  0.000000
400.201005  0.000000
402.412060  0.000000
404.623116  0.000000
406.834171  0.000000
409.045226  0.000000
411.256281  0.000000
413.467337  0.000000
415.678392  0.000000
417.889447  0.000000
420.100503  0.000000
422.311558  0.000000
424.522613  0.000000
426.733668  0.000000
428.944724  0.000000
431.155779  0.000000
433.366834  0.000000
435.577889  0.000000
437.788945  0.000000
440.000000  0.000000
